453937.62890625 3789787.796875 -12692.361328125 
453401.80859375 3790019.984375 -11920.8955078125 
453326.421875 3790078.125 -13147.568359375 
452154.89453125 3790492.46875 -12736.3212890625 
453923.25390625 3789811.046875 -13506.9580078125 
454676.828125 3789449.078125 -12277.5888671875 
454535.32421875 3789532.359375 -13176.701171875 
454773.5078125 3789374.453125 -11372.4677734375 
453771.640625 3789828.359375 -10224.896484375 
 455733.46875 3788899.953125 -12570.78515625 
 456112.16796875 3788504.5625 -10655.484375 
 455340.5859375 3789146.5625 -13250.9990234375 
 455989.65625 3788774.65625 -13583.158203125 
 454791.0390625 3789448.734375 -14477.9326171875 
 454117.6015625 3789744.203125 -14424.884765625 
 455645.515625 3788996.328125 -13998.5380859375 
 455453.265625 3789129.265625 -14533.76953125 
 456086.47265625 3788746.28125 -14597.00390625 
 456587.328125 3788120.046875 -13999.921875 
 455769.875 3788937.78125 -14565.38671875 
 456391.62890625 3788364.015625 -14652.5859375 
 456633.1640625 3788063.890625 -13276.2529296875 
 457497.83203125 3787343.453125 -13647.1201171875 
 457579.77734375 3787238.171875 -12293.833984375 
 457184.48828125 3787615.734375 -14765.89453125 
 457672.1953125 3787249.71875 -14823.62109375 
 456696.78515625 3787981.75 -14708.16796875 
 458509.98828125 3786756.53125 -14905.56640625 
 458637.71875 3786619 -13084.70703125 
 459331.6328125 3786237.359375 -14990.439453125 
 458806.84375 3786458.859375 -11385.6708984375 
 459861.1015625 3785826.921875 -13104.380859375 
 457448.9140625 3787277.703125 -10451.2763671875 
 458562.109375 3786571.265625 -10025.1259765625 
 456602.5703125 3788104.59375 -11880.400390625 
 456600.3984375 3788028.765625 -8511.3212890625 
 457567.3203125 3787112.9375 -8101.912109375 
 455746.2890625 3788797.828125 -9432.1943359375 
 455593.91796875 3788851.359375 -8132.15966796875 
 454664.69140625 3789374.65625 -8981.3349609375 
 454263.0078125 3789513.0625 -7426.6142578125 
 453255.16015625 3789960.515625 -8457.322265625 
 455465.58984375 3788888.609375 -6776.2978515625 
 454169.5625 3789534.46875 -5924.71630859375 
 456555.109375 3787968.609375 -7052.77978515625 
 456288.1953125 3788068.078125 -5365.83837890625 
 457603.45703125 3787040.4375 -6693.21435546875 
 458501.60546875 3786524.109375 -7402.81201171875 
 458682.5390625 3786452.859375 -8646.947265625 
 458557.92578125 3786430.3125 -5491.53369140625 
 457464.53515625 3787071.046875 -4383.8681640625 
 459452.515625 3785835.46875 -6954.37939453125 
 459856.65234375 3785508.03125 -5062.26318359375 
 459808.22265625 3785719.015625 -9169.279296875 
 460736.9921875 3785120.0625 -8238.6806640625 
 460926.23828125 3784963.359375 -6394.1787109375 
 461266.390625 3784760.546875 -9440.4169921875 
 460072.5 3785628.484375 -10585.7763671875 
 461965.2265625 3784135.09375 -8299.8271484375 
 462238.55859375 3783903.640625 -9847.5166015625 
 463478.16015625 3782766.40625 -8437.2451171875 
 461329.46484375 3784740.734375 -10804.4013671875 
 462396.94140625 3783845.03125 -11513.99609375 
 460399.16796875 3785409.390625 -11907.328125 
 461407.5390625 3784727.953125 -12526.1640625 
 461345.375 3784818.03125 -13896.4423828125 
 460115.22265625 3785664.703125 -15084.716796875 
 462709.0703125 3783685.609375 -13761.84765625 
 462284.31640625 3784097.875 -15312.7958984375 
 462943.41796875 3783554.984375 -15400.7080078125 
 461619.9921875 3784635.46875 -15230.755859375 
 460952.8046875 3785171.5625 -15163.1669921875 
 463690.5234375 3782863.1875 -14161.9873046875 
 463582.9296875 3782990.90625 -15500.3447265625 
 463455.39453125 3782967.828125 -12465.9677734375 
 464715.19140625 3782053.546875 -13880.0224609375 
 464995.078125 3781788.984375 -12231.2392578125 
 464241.72265625 3782447.65625 -15589.625 
 465013.08203125 3781947.296875 -15667.3642578125 
 465957.77734375 3781086.984375 -14741.234375 
 465767.40625 3781425.375 -15764.75 
 465566.4609375 3781395.1875 -13766.2490234375 
 466299.66796875 3780592.6875 -13827.0087890625 
 465907.359375 3780908.34375 -12827.333984375 
 466059.27734375 3780607.828125 -11762.390625 
 465262.234375 3781391.9375 -10875.78125 
 467180.08984375 3779478.03125 -12930.6240234375 
 467036.60546875 3779440.84375 -11355.2900390625 
 466820.1015625 3780208.84375 -14767.7958984375 
 467715.765625 3778914.5 -14430.751953125 
 467597.9140625 3779319.125 -15833.228515625 
 468134.837890625 3778126.28125 -13270.2705078125 
 468652.32421875 3777616.578125 -14412.7763671875 
 468096.751953125 3777926.90625 -11560.46484375 
 468819.3515625 3777152.375 -12668.4658203125 
 467469.279296875 3778585.640625 -10097.095703125 
 468524.662109375 3777091.546875 -9861.55078125 
 466271.12109375 3780137.703125 -9714.2265625 
 466981.0859375 3779104.734375 -8732.5126953125 
465019.25 3781636.734375 -9474.4599609375 
465265.19140625 3781157.0625 -8002.1181640625 
463698.80859375 3782707.75 -10495.6279296875 
464421.37109375 3782044.65625 -8025.341796875 
463125.12109375 3783027.796875 -7245.5869140625 
464553.44921875 3781819.171875 -6788.84521484375 
463368.0859375 3782755.953125 -6029.03857421875 
465535.24609375 3780746.59375 -6149.8447265625 
464597.546875 3781725.1875 -5234.14990234375 
466208.7109375 3779963.875 -7719.53955078125 
466429.41015625 3779456.046875 -5776.85888671875 
467003.00390625 3778845.4375 -7325.27197265625 
467788.076171875 3777857.953125 -8330.859375 
467547.23046875 3777891.140625 -6408.478515625 
467420.90234375 3777841.28125 -4938.12060546875 
468222.685546875 3777086.015625 -7287.21923828125 
468924.818359375 3776294.84375 -8247.2275390625 
468774.830078125 3776173.1875 -6429.986328125 
468218.33203125 3776615.0625 -4746.13818359375 
469786.423828125 3775030.984375 -6886.44482421875 
469874.765625 3775225.21875 -8551.3701171875 
469592.78515625 3774991.265625 -5304.3544921875 
470288.2578125 3774148.703125 -6043.2578125 
470554.19921875 3774092.859375 -7920.76611328125 
470210.841796875 3773879.375 -4061.4931640625 
469186.212890625 3775194.578125 -3644.180419921875 
470922.703125 3773123.828125 -5506.45556640625 
470929.818359375 3772874.703125 -4276.73583984375 
470989.07421875 3773274.734375 -6885.76171875 
471968.5625 3771860.25 -7120.8173828125 
471385.072265625 3772832.09375 -8141.5478515625 
470806.419921875 3773991.59375 -9344.623046875 
472148.85546875 3771906.125 -9084.7939453125 
472540.12890625 3771184.84375 -8075.7177734375 
471424.26171875 3773196.734375 -10386.72265625 
472682.462890625 3771440.3125 -11029.4384765625 
470926.845703125 3774168.875 -11261.353515625 
470157.255859375 3775119.625 -9983.744140625 
471593.96875 3773223.1875 -12047.2890625 
472289.396484375 3772165.640625 -11990.7119140625 
470908.23046875 3774506.953125 -12864.568359375 
471427.865234375 3773927.078125 -14211.474609375 
470228.2109375 3775330.234375 -11613.294921875 
470068.830078125 3775760.703125 -12947.5341796875 
469145.81640625 3776564.546875 -11516.970703125 
469326.52734375 3776070.78125 -9513.9404296875 
469378.49609375 3776668.140625 -13778.7421875 
470593.86328125 3775276.046875 -14163.6376953125 
469256.296875 3777090.515625 -15712.5791015625 
469894.7734375 3776421.6875 -15678.5126953125 
468664.13671875 3777799.8125 -15753 
468105.94921875 3778541.6875 -15794.0830078125 
470499.69140625 3775722.90625 -15636 
470905.92578125 3775069.03125 -15658.66796875 
471310.1875 3774414.140625 -15684.353515625 
471699.15234375 3773751.28125 -15733.4892578125 
472088.1171875 3773088.421875 -15782.625 
472743.625 3771897.15625 -14527.6181640625 
472641.2578125 3772260 -15853.51953125 
472275.990234375 3772404.390625 -13332.6484375 
473425.115234375 3770830.390625 -13977.111328125 
472975.736328125 3771255.421875 -12547.4482421875 
473211.0234375 3771442.609375 -15920.087890625 
473779.048828125 3770623.84375 -15985.0751953125 
474525.650390625 3769260.859375 -14746.2080078125 
474340.728515625 3769800.671875 -16049.6005859375 
474209.48046875 3769567.6875 -13370.5380859375 
474898.431640625 3768345.09375 -13722.9599609375 
473907.919921875 3769797.671875 -11977.2177734375 
474635.072265625 3768686.234375 -12444.6923828125 
473453.73828125 3770267.40625 -10688.490234375 
474152.880859375 3769116.84375 -10165.623046875 
473277.32421875 3770290.140625 -9185.21875 
474017.1953125 3769046.171875 -8391.6298828125 
474755.0703125 3767793.9375 -9177.3994140625 
473066.0859375 3770298.921875 -7281.78857421875 
473826.89453125 3768980.28125 -6122.89794921875 
472755.65234375 3770531.109375 -5872.9755859375 
474566.572265625 3767876.640625 -7368.58203125 
474404.150390625 3767920.75 -5702.203125 
475518.845703125 3766446.765625 -7876.8759765625 
475808.0078125 3766259.828125 -9934.3056640625 
475100.5703125 3766891.875 -5923.09130859375 
476045.787109375 3765809.453125 -6531.71142578125 
474274.03515625 3767965.953125 -4428.90966796875 
475613.560546875 3766183.09375 -4841.29150390625 
473530.92578125 3769106.1875 -4111.18701171875 
473563.001953125 3768835.859375 -2739.61083984375 
472794.8671875 3770247.546875 -4441.0087890625 
472270.62890625 3770807.796875 -3174.134033203125 
471942.30078125 3771607.140625 -5311.4677734375 
472431.970703125 3770357.84375 -1773.79296875 
473441.50390625 3768769.8125 -1184.672607421875 
471642.73046875 3771585.6875 -2393.61865234375 
471631.453125 3771401.71875 -1139.026611328125 
471480.666015625 3771988.28125 -3584.7490234375 
470684.037109375 3772995.3125 -2917.5849609375 
470818.482421875 3772541.640625 -1547.9913330078125 
469886.212890625 3774046.5 -2320.206787109375 
470939.55078125 3772075.671875 323.53677368164062 
470418.169921875 3772783.65625 327.57989501953125 
471484.46484375 3771385.21875 314.77108764648438 
472018.734375 3770627.28125 297.47463989257812 
472546.064453125 3769864.421875 292.64297485351562 
473068.8046875 3769098.3125 296.0513916015625 
473580.263671875 3768314.15625 300.22027587890625 
474071.4765625 3767517.296875 318.381103515625 
474622.45703125 3767079.234375 -1640.296875 
474741.134765625 3766798.9375 418.3514404296875 
474319.716796875 3767589.5 -2995.12353515625 
475277.6015625 3766424.140625 -3500.362060546875 
475623.2109375 3766021.328125 -2229.919677734375 
476356.0625 3765372.3125 -3354.08837890625 
476594.880859375 3765200.765625 -4975.76220703125 
477185.41015625 3764593.53125 -4034.354248046875 
477163.392578125 3764721.0625 -6759.6171875 
478359.25 3763827.109375 -5548.75537109375 
476855.1484375 3765096.328125 -8629.775390625 
477753.021484375 3764328.796875 -8106.5654296875 
476790.568359375 3765234.640625 -10166.728515625 
475903.533203125 3766253.953125 -11972.38671875 
477838.97265625 3764322.421875 -9796.998046875 
477361.517578125 3764735.46875 -11391.78125 
479143.611328125 3763533.328125 -11225.068359375 
477073.23828125 3765049.15625 -12707.66015625 
476116.255859375 3766098.15625 -14148.720703125 
478837.50390625 3763726.765625 -12617.38671875 
477903.572265625 3764415.34375 -13616.7958984375 
478911.521484375 3763758.28125 -14050.94140625 
476982.892578125 3765210.796875 -14077.453125 
477706.80859375 3764612.09375 -14883.3046875 
476396.48046875 3765850.515625 -14961.8876953125 
475840.951171875 3766526.46875 -15169.7802734375 
477012.283203125 3765241.203125 -15420.0625 
476081.248046875 3766237.875 -15705.33203125 
477918.642578125 3764518.578125 -16521.0234375 
478304.658203125 3764159.671875 -15280.3330078125 
477241.70703125 3765040.078125 -16452.45703125 
476714.537109375 3765582.484375 -16396.396484375 
476190.9296875 3766128.390625 -16338.625 
475943.568359375 3766457.5625 -16303.2568359375 
475694.6171875 3766785.765625 -16270.25 
475477.845703125 3767457.546875 -16217.0791015625 
475286.625 3767670.609375 -14946.51171875 
475211.87890625 3768113.796875 -16167 
474816.65625 3768978.53125 -16111.5107421875 
475462.560546875 3767051.40625 -13172.2626953125 
474856.146484375 3767983.171875 -11317.337890625 
475085.857421875 3767236.046875 -10294.0322265625 
478741.69921875 3763879.828125 -15939.7802734375 
478276.353515625 3764163.28125 -14426.4052734375 
479033.505859375 3763769.9375 -15337.638671875 
479781.23046875 3763184.5625 -14718.1318359375 
479576.306640625 3763354.34375 -15343.0947265625 
479868.88671875 3763080.203125 -13360.3046875 
480997.177734375 3762371.4375 -13589.2509765625 
480585.384765625 3762497.9375 -12041.9541015625 
480149.28515625 3762795.84375 -10844.0400390625 
481355.970703125 3762018.828125 -10710.8857421875 
479015.193359375 3763570.40625 -9861.751953125 
480095.3984375 3762802.375 -9537.3671875 
478739.841796875 3763627.859375 -8525.05078125 
481156.908203125 3762117.671875 -9452.123046875 
480614.943359375 3762363.671875 -7762.25244140625 
479550.470703125 3763083.6875 -7686.35986328125 
482010.111328125 3761505.640625 -8722.251953125 
481955.95703125 3761475.90625 -6746.10302734375 
482385.841796875 3761269.171875 -10075.416015625 
483503.341796875 3760413.140625 -9194.1904296875 
482506.822265625 3761226.265625 -11398.7841796875 
482228.013671875 3761481.046875 -12673.2041015625 
483530.06640625 3760427.84375 -10182.2880859375 
483556.791015625 3760442.5625 -11170.3857421875 
483583.515625 3760457.265625 -12158.4833984375 
483610.240234375 3760471.984375 -13146.58203125 
482584.283203125 3761259.859375 -13927.49609375 
481577.51953125 3761990.546875 -14371.580078125 
483636.9658203125 3760486.703125 -14134.6796875 
483663.69140625 3760501.40625 -15122.77734375 
482132.205078125 3761643.703125 -15186.390625 
483690.416015625 3760516.125 -16110.875 
481395.865234375 3762149.8125 -15388.935546875 
481600.244140625 3762060.078125 -16886.541015625 
480633.623046875 3762595.328125 -15164.4765625 
480822.033203125 3762551.390625 -15979.109375 
480232.662109375 3762855.28125 -15706.1142578125 
479709.490234375 3763292.515625 -16699.412109375 
480542.5546875 3762682 -16334.216796875 
479202.318359375 3763657.90625 -15825.544921875 
478950.861328125 3763829.078125 -16256.84375 
478564.609375 3763957.09375 -16587.701171875 
478800.328125 3763887.34375 -16609.390625 
479036.048828125 3763817.59375 -16631.078125 
480380.427734375 3762764.21875 -16767.59375 
480886.81640625 3762559.15625 -16815.267578125 
480634.958984375 3762665.015625 -16791.48046875 
482318.044921875 3761567.59375 -16958.0625 
483011.857421875 3761041.484375 -17028.173828125 
483717.140625 3760530.84375 -17098.97265625 
483476.6171875 3760398.421875 -8206.091796875 
483449.892578125 3760383.703125 -7217.994140625 
483423.16796875 3760369 -6229.896484375 
482221.587890625 3761205.09375 -4765.33251953125 
483396.443359375 3760354.28125 -5241.798828125 
480823.810546875 3762179.359375 -6217.63134765625 
480956.677734375 3762050.875 -4789.07470703125 
479643.08203125 3762963.046875 -6398.8095703125 
479408.68359375 3763081.5625 -4632.67138671875 
480122.087890625 3762588.46875 -3295.3818359375 
481153.708984375 3761884.078125 -3534.177734375 
478513.580078125 3763664.125 -2466.52197265625 
480056.54296875 3762537.03125 -1502.2841796875 
478183.021484375 3763824.46875 -3994.161376953125 
477382.892578125 3764412.875 -2791.0732421875 
476561.513671875 3765097.640625 -1866.997314453125 
477366.201171875 3764375.203125 -1369.6754150390625 
475791.333984375 3765777.390625 -884.6571044921875 
475392.703125 3766060.5 454.16757202148438 
476099.861328125 3765441.96875 467.14578247070312 
476760.66015625 3764775.234375 505.52157592773438 
477871.474609375 3763921.421875 -381.0458984375 
477436.537109375 3764254.625 577.5897216796875 
478242.041015625 3763699.796875 -939.51568603515625 
478457.837890625 3763609.234375 -172.266845703125 
479181.841796875 3763119.78125 -874.301513671875 
479228.552734375 3763027.59375 623.46661376953125 
478555 3763552.75 620.7349853515625 
480005.986328125 3762507.3125 -419.28585815429688 
479899.380859375 3762499.375 659.30755615234375 
480535.73828125 3762249.09375 -1089.552734375 
481078.41015625 3761891.875 -1951.0657958984375 
480532.548828125 3762231.96875 -391.73065185546875 
480223.392578125 3762395.359375 92.121711730957031 
480975.2109375 3761927.234375 -656.33477783203125 
480896.236328125 3761947.78125 611.78338623046875 
481876.009765625 3761335.171875 -1089.8682861328125 
481392.4140625 3761610.9375 584.08203125 
482015.18359375 3761292.15625 -2791.311767578125 
483316.267578125 3760310.140625 -2277.505126953125 
483342.9921875 3760324.859375 -3265.6025390625 
483369.71875 3760339.578125 -4253.70068359375 
483289.54296875 3760295.4375 -1289.4073486328125 
483262.818359375 3760280.71875 -301.30941772460938 
482618.70703125 3760712.4375 651.12469482421875 
483236.09375 3760266 686.7882080078125 
482011.546875 3761172.765625 661.32672119140625 
480405.767578125 3762294.3125 618.86688232421875 
480154.73046875 3762399.828125 652.0313720703125 
478212.53125 3763668.96875 185.69831848144531 
478319.28125 3763622.5 613.1138916015625 
478083.5625 3763692.25 605.49273681640625 
478371.181640625 3763876.984375 -7069.2578125 
469766.69921875 3773950.078125 -958.66943359375 
469913.50390625 3773504.09375 328.26922607421875 
469113.447265625 3775061.265625 -2375.34912109375 
468702.0703125 3775403.96875 -1215.3463134765625 
468266.26953125 3776190 -2586.146728515625 
467859.185546875 3776477.6875 -988.89990234375 
468330.373046875 3775614.484375 368.36224365234375 
467223.67578125 3777569.28125 -1556.6707763671875 
467630.001953125 3777266.59375 -3481.219970703125 
467309.232421875 3777088.640625 396.28823852539062 
466819.29296875 3777861.96875 393.93035888671875 
467798.6875 3776315 386.06393432617188 
466143.51953125 3779103.5 -904.601318359375 
466318.484375 3778627.984375 418.34771728515625 
466562.22265625 3778695.609375 -2277.920166015625 
465711.27734375 3779884.703125 -2000.4794921875 
466823.58203125 3778543.09375 -3783.425048828125 
465939.828125 3779724.65625 -3481.957275390625 
465438.37890625 3780674.984375 -4525.69384765625 
465079.26953125 3781091.71875 -2947.652099609375 
464287.4921875 3782063.421875 -3286.965576171875 
465231.9765625 3780649.46875 -889.281982421875 
464187.2421875 3782066.078125 -1963.3670654296875 
463683.1328125 3782308.4375 -763.626953125 
463086.1015625 3782838.25 -1854.2598876953125 
462518.47265625 3783422.734375 -3668.80615234375 
461792.48046875 3784131.078125 -2450.091796875 
463608.63671875 3782502.265625 -4351.64599609375 
462630.828125 3783380.03125 -5043.47900390625 
462237.3984375 3783801.53125 -6774.28173828125 
461668.72265625 3784292.4375 -4671.90625 
460447.109375 3785158.9375 -3287.574951171875 
460662.94140625 3785002.015625 -1971.4088134765625 
458842.48828125 3786203.390625 -3880.639404296875 
459100.78515625 3785937.296875 -2214.144287109375 
457791.77734375 3786786.265625 -2867.572021484375 
456091.390625 3788121.390625 -3540.64111328125 
456271.39453125 3787902.0625 -2173.2880859375 
457227.09765625 3787176.078125 -1451.0015869140625 
455280.890625 3788846.453125 -1946.5340576171875 
454228.33203125 3789437.921875 -2938.878173828125 
456030.9296875 3787992.859375 -399.8245849609375 
454910.66015625 3789027.71875 -519.4947509765625 
456892.609375 3787314.546875 -99.876571655273438 
457929.73046875 3786626.171875 -407.77694702148438 
455903.25390625 3788073.296875 369.64642333984375 
456364.25 3787645.46875 1086.35791015625 
455202.5390625 3788834.09375 192.7391357421875 
455333.6875 3788736 969 
455017.078125 3788927.484375 958.6248779296875 
455641.01953125 3788353.75 1056.85546875 
455948.34765625 3787971.5 1144.7105712890625 
454483.5078125 3789237 390.92221069335938 
454700.48046875 3789118.984375 948.25 
454088.2890625 3789438.09375 -28.380762100219727 
453983.71484375 3789519.953125 -1371.9683837890625 
453659.40234375 3789616.84375 435.6588134765625 
453049.046875 3789891.78125 96.467033386230469 
453959.90625 3789476.25 1005 
453564.703125 3789647.375 1087 
454330.19140625 3789297.625 976.62530517578125 
453169.5 3789818.5 1169 
452821.1875 3790009.15625 613.0850830078125 
452939.125 3789941.5 1172.5 
452551.8671875 3790179.953125 128.90385437011719 
451996.55078125 3790338.640625 213.52780151367188 
452813.52734375 3790026.296875 -950.01824951171875 
452171.6484375 3790339.5 -584.751953125 
451964.83203125 3790494.6875 -2010.3983154296875 
451260.42578125 3790670.8125 -469.18264770507812 
452802.92578125 3790049.71875 -3078.341796875 
450900.03515625 3791001.234375 -2681.37548828125 
450973.8515625 3791020.953125 -4032.531005859375 
452446.71484375 3790255.921875 -4990.49755859375 
449996.33984375 3791909.046875 -3402.79345703125 
450245.01171875 3791702.515625 -5089.140625 
450072.1640625 3791790.21875 -1948.00830078125 
448728.72265625 3792882.046875 -2631.150634765625 
450272.0546875 3791527.890625 91.12689208984375 
451284.9140625 3790604.515625 499.76419067382812 
449128.2109375 3792441.203125 -231.70175170898438 
448377.40625 3793104.203125 -1256.6982421875 
449322.28125 3792242.375 772.45819091796875 
450171.03125 3791590.65625 1521.5001220703125 
448213.296875 3793168.046875 441.86279296875 
448589.62109375 3792822.515625 1739.1680908203125 
447209.82421875 3793991.28125 -286.2373046875 
447251.90234375 3793994.578125 -1246.7891845703125 
447167.74609375 3793987.984375 674.322509765625 
447854.03515625 3793401.953125 1721.46630859375 
447125.671875 3793984.6875 1634.874267578125 
447293.9765625 3793997.875 -2207.34228515625 
447336.0546875 3794001.171875 -3167.900390625 
448386.9609375 3793196.75 -3865.686767578125 
447378.12890625 3794004.46875 -4128.4521484375 
449286.77734375 3792502.015625 -4533.19482421875 
448453.4453125 3793199.828125 -5290.94873046875 
448943.0859375 3792841.3125 -6471.7548828125 
447420.203125 3794007.765625 -5089.00390625 
447462.28125 3794011.0625 -6049.5634765625 
447504.359375 3794014.359375 -7010.115234375 
448460.44921875 3793281.3125 -7537.6337890625 
447546.43359375 3794017.640625 -7970.6669921875 
449201.09765625 3792734.15625 -8384.48046875 
450063.9296875 3791959.78125 -7628.18994140625 
447588.5078125 3794020.9375 -8931.21875 
448798.0703125 3793115.4375 -10326.1259765625 
447630.5859375 3794024.234375 -9891.7783203125 
450024.0703125 3792040.359375 -9031.3056640625 
449981.36328125 3792128.828125 -10280.234375 
450907.48828125 3791310.796875 -8519.1748046875 
451689.7109375 3790920.6875 -7235.978515625 
451335.0078125 3791245.234375 -10691.3994140625 
452346.58984375 3790358.734375 -9744.53125 
450623.04296875 3791710.84375 -12136.4296875 
449067.3125 3792985.265625 -12205.8037109375 
451239.59375 3791300.203125 -13034.6923828125 
452315.6953125 3790395.46875 -11138.9775390625 
452073.45703125 3790536.78125 -8454.01171875 
452886.89453125 3790075.546875 -6886.34521484375 
451318.81640625 3790928.59375 -5391.64111328125 
450521.984375 3791484.421875 -6412.01513671875 
453504.48828125 3789763.53125 -4240.2763671875 
454769.60546875 3789206.859375 -4382.9873046875 
455346.8046875 3788917.796875 -5495.30712890625 
450116.92578125 3792177.234375 -14023.671875 
451764.3515625 3790761.5 -13424.654296875 
451395.1328125 3791122.0625 -14187.142578125 
452489.6328125 3790361.328125 -13492.8916015625 
451866.4453125 3790643.1875 -14258.82421875 
452247.4921875 3790479.484375 -14288.3984375 
452628.53515625 3790315.78125 -14317.9716796875 
453288.625 3790107.5 -13770.7880859375 
453045.0390625 3790195.28125 -14342.875 
453461.53125 3790074.78125 -14367.7783203125 
450923.81640625 3791600.9375 -14115.4609375 
449361.625 3792817.671875 -13924.9248046875 
448582.09375 3793429.875 -13829.20703125 
447756.8125 3794034.125 -12773.44140625 
447798.890625 3794037.421875 -13733.994140625 
447714.73828125 3794030.828125 -11812.8818359375 
447672.66015625 3794027.53125 -10852.330078125 
449297.21875 3792214.75 1814 
449734.125 3791902.703125 1667.75 
450642.34765625 3791111.78125 1407.625 
451113.6640625 3790632.90625 1293.75 
451494.70703125 3790469.203125 1275.875 
451875.75 3790305.5 1258 
452292.25 3790185 1217 
452708.75 3790064.5 1176 
456780.13671875 3787319.453125 1028.0069580078125 
457266.015625 3787003.234375 926.09857177734375 
457751.8984375 3786687.015625 824.1895751953125 
458242.953125 3786408.03125 780.65771484375 
458477.57421875 3786306.078125 -188.694580078125 
458454.29296875 3786349.609375 -1103.2813720703125 
458734.01953125 3786129.03125 737.125 
458939.9375 3785976.203125 163.94427490234375 
459066.7109375 3785842.390625 763.56243896484375 
458982.16796875 3785966.046875 -461.82791137695312 
459570.19140625 3785483.640625 -51.37750244140625 
459925.69921875 3785296.90625 -895.72601318359375 
460773.6171875 3784869.28125 -210.72744750976562 
461308.5703125 3784526.484375 -897.90692138671875 
460137.9765625 3785098.21875 759.09014892578125 
459768.6875 3785326.984375 774.545166015625 
460608.859375 3784896.28125 712.4974365234375 
461079.75390625 3784694.359375 665.90374755859375 
461590.5859375 3784239.921875 637.24517822265625 
462101.40625 3783785.5 608.587158203125 
462419.921875 3783468.078125 -858.35028076171875 
462753.51953125 3783068.9375 579.190673828125 
463445.453125 3782391.875 536.81793212890625 
463973.5546875 3782086.15625 514.87567138671875 
464501.6484375 3781780.453125 492.93374633789062 
464976.484375 3781005.15625 478.21316528320312 
465411.4140625 3780206.46875 458.46484375 
465809.4453125 3779388.578125 442.04962158203125 
459399.40625 3785555.75 790 
468857.455078125 3774910.8125 341.44094848632812 
469387.91796875 3774209.265625 332.14776611328125 
467081.3671875 3780090.9375 -15872.462890625 
466732.65234375 3780421.828125 -15884.79296875 
466383.9296875 3780752.703125 -15897.125 
466075.66015625 3781089.046875 -15830.9365234375 