482856.2578125 3757829.78125 -16730.76171875 
482670.779296875 3758259.78125 -16141.935546875 
483901.107421875 3756885.53125 -15640.5224609375 
482722.607421875 3758353.71875 -15149.666015625 
483400.1171875 3757161.03125 -17221.201171875 
482644.8671875 3758212.8125 -16638.0703125 
482744.001953125 3757942.703125 -17149.34375 
482618.953125 3758165.84375 -17134.19921875 
482869.05859375 3757719.546875 -17164.490234375 
 484191.484375 3756466.515625 -16526.5390625 
 484885.9765625 3755622.984375 -16036.9267578125 
 483957.267578125 3756628.34375 -17279.658203125 
 484243.5146484375 3756291.671875 -17310.921875 
 484678.5419921875 3755844.9375 -16667.326171875 
 484529.75390625 3755955.015625 -17342.185546875 
 485006.185546875 3755439.28125 -16535.33203125 
 485612.921875 3755021.09375 -15932.880859375 
 484766.7880859375 3755620.59375 -16988.033203125 
 485509.7578125 3754911.4375 -17366.4765625 
 484782.796875 3755507.84375 -17372.748046875 
 486312.3291015625 3754215.015625 -16820.349609375 
 486213.3134765625 3754287.65625 -17354.197265625 
 486299.673828125 3754377.46875 -16060.7265625 
 486568.443359375 3753828.90625 -16534.599609375 
 486360.205078125 3754456.296875 -15030.8310546875 
 484923.578125 3755849.84375 -14712.001953125 
 486645.6806640625 3753775.484375 -15740.337890625 
 486708.5615234375 3753808.9375 -14990.751953125 
 486726.2958984375 3754017.703125 -14173.0546875 
 487006.560546875 3753354.140625 -15496.7314453125 
 486830.6748046875 3753449.34375 -16083.9990234375 
 487608.2666015625 3752876.40625 -14914.86328125 
 487406.0888671875 3752942.25 -15731.798828125 
 487733.8984375 3753016.453125 -13133.814453125 
 486690.8369140625 3754364.65625 -12265.7158203125 
 488741.4404296875 3751771.359375 -14240.44921875 
 488482.76953125 3751888.46875 -15757.51953125 
 488745.3564453125 3752044.8125 -12822.7685546875 
 487853.3896484375 3753162.03125 -11352.7626953125 
 489519.3046875 3751154.953125 -13642.828125 
 489389.638671875 3751110.921875 -14794.4384765625 
 490087.748046875 3750863.171875 -12322.91796875 
 490330.0283203125 3750359.1875 -13850.4814453125 
 489107.5625 3751883.515625 -11197.529296875 
 490426.025390625 3750737.9375 -10735.912109375 
 488557.59765625 3752608.828125 -10271.4208984375 
 487681.7734375 3753514.828125 -9953.8876953125 
 489571.658203125 3751705.34375 -9603.0244140625 
 488539.453125 3752849.25 -8989.791015625 
 489327.08984375 3752121.3125 -8111.37890625 
 487611.5234375 3753780.5 -8522.6298828125 
 486776.2548828125 3754609.90625 -9993.7197265625 
 488536.115234375 3753094.34375 -7465.4755859375 
 487439.6328125 3754144.09375 -7185.1181640625 
 488545.1318359375 3753388.46875 -5370.5205078125 
 486822.3837890625 3754880.71875 -8427.337890625 
 486124.3818359375 3755881.171875 -6564.11865234375 
 485689.9443359375 3755970.53125 -8551.1298828125 
 485654.4755859375 3755774.09375 -10200.73046875 
 485266.0078125 3756580.9375 -7385.84130859375 
 484844.236328125 3756876 -8531.9306640625 
 484903.857421875 3757189.15625 -5614.5458984375 
 485832.310546875 3756419.046875 -4949.76708984375 
 484354.3603515625 3757587.03125 -7632.58251953125 
 484078.6103515625 3758102.984375 -6329.96630859375 
 483808.9248046875 3758021.703125 -8715.919921875 
 483085.3984375 3759011.296875 -8203.8056640625 
 484317.0302734375 3757245.328125 -9605.0390625 
 482981.744140625 3758823.40625 -10188.337890625 
 484912.3837890625 3756355.21875 -11559.8515625 
 483849.509765625 3757524.796875 -11615.7138671875 
 485934.056640625 3755349.75 -11558.8671875 
 484992.5791015625 3756096.21875 -13051.068359375 
 485830.583984375 3755113.640625 -13815.728515625 
 487026.6123046875 3754056.953125 -11093.9482421875 
 483972.400390625 3757074.21875 -13586.580078125 
 482826.26171875 3758541.59375 -13165.1337890625 
 482774.435546875 3758447.65625 -14157.4033203125 
 482878.08984375 3758635.53125 -12172.8701171875 
 482929.916015625 3758729.46875 -11180.6015625 
 483033.572265625 3758917.359375 -9196.068359375 
 483137.224609375 3759105.234375 -7211.54345703125 
 483189.052734375 3759199.171875 -6219.2744140625 
 484098.5166015625 3758275.9375 -4975.923828125 
 483240.880859375 3759293.125 -5227.01025390625 
 485031.5107421875 3757226.171875 -4365.03759765625 
 484465.6337890625 3758103.546875 -3672.32568359375 
 485797.826171875 3756615.5625 -3582.93896484375 
 486782.2939453125 3755471.9375 -4683.8564453125 
 485168.130859375 3757524.203125 -2073.37353515625 
 484245.3544921875 3758505.546875 -2369.107421875 
 486071.7421875 3756621.140625 -1723.7060546875 
 485472.3447265625 3757305.546875 -746.21319580078125 
 486969.666015625 3755440.890625 -3374.656005859375 
 487090.8896484375 3755518.109375 -2059.60009765625 
 487822.859375 3754282.984375 -3640.018798828125 
 487439.61328125 3754447.546875 -5642.60302734375 
 487561.8486328125 3754758.953125 -2441.12109375 
 488244.7109375 3754035.640625 -2719.4921875 
 487537.91796875 3754918.65625 -1453.1165771484375 
 486941.2548828125 3755893.734375 -1314.359130859375 
 488091.7900390625 3754313.203125 -1726.8304443359375 
 487867.451171875 3754626.09375 -974.06634521484375 
 488697.546875 3753731.96875 -1996.04150390625 
 488521.3203125 3754006.484375 -1176.9619140625 
 489069.3642578125 3753230 -2613.981689453125 
 488671.7275390625 3753518.28125 -3644.12451171875 
 489688.275390625 3752671.390625 -1958.2894287109375 
 489508.029296875 3752627.59375 -3590.4052734375 
 489112.82421875 3753463.4375 -1058.048828125 
 489680.02734375 3752830.390625 -905.42498779296875 
 488752.3623046875 3753901.296875 -458.32003784179688 
 489297.4140625 3753311.328125 -291.723388671875 
 488260.8203125 3754330.203125 -538.41241455078125 
 488623.1279296875 3754156.671875 526.63409423828125 
 487824.4755859375 3754775.25 -339.14111328125 
 487537.8173828125 3755036.71875 -590.0084228515625 
 488023.8095703125 3754694.46875 534.7408447265625 
 487741.3984375 3754981.234375 540.94769287109375 
 487554.4833984375 3755082.390625 -129.99085998535156 
 487425.7548828125 3755347.578125 211.10775756835938 
 487461.65625 3755270.75 547.48699951171875 
 487372.9814453125 3755478.328125 -104.02451324462891 
 487328.2197265625 3755592.734375 146.784912109375 
 487344.3916015625 3755394.859375 -766.54888916015625 
 487087.4140625 3755852.21875 -479.59228515625 
 486579.892578125 3756281.125 -832.50518798828125 
 486686.212890625 3756286.25 -124.27153778076172 
 487163.482421875 3755853.390625 118.13137054443359 
 486191.505859375 3756687.609375 -391.07073974609375 
 486442.5947265625 3756602.390625 592.89837646484375 
 485713.3916015625 3757091.3125 -280.48275756835938 
 485433.494140625 3757531.546875 -68.005439758300781 
 486079.537109375 3756901.046875 599.74761962890625 
 485601.6015625 3757309.125 230.57551574707031 
 485715.6875 3757198.75 606.8240966796875 
 485462.64453125 3757645.90625 638.19219970703125 
 485176.400390625 3757982.578125 644.2357177734375 
 485589.166015625 3757422.328125 622.50811767578125 
 484969.72265625 3758109.671875 -57.583381652832031 
 484890.15625 3758319.25 650.279296875 
 484332.599609375 3758852.328125 663.863037109375 
 484499.4814453125 3758482.234375 -825.62127685546875 
 483878.6796875 3759231.71875 15.790765762329102 
 483448.189453125 3759668.875 -1257.9459228515625 
 483396.361328125 3759574.9375 -2250.209228515625 
 483344.53515625 3759481 -3242.478515625 
 483292.70703125 3759387.0625 -4234.74169921875 
 483500.017578125 3759762.8125 -265.67620849609375 
 483704.134765625 3759520.5625 367.37942504882812 
 483525.9296875 3759809.78125 230.45845031738281 
 483801.94921875 3759410.453125 702.70452880859375 
 483676.892578125 3759633.609375 714.64581298828125 
 483551.84375 3759856.75 726.58636474609375 
 487146.203125 3755978.5625 585.68975830078125 
 487288.6806640625 3755745.421875 573.41961669921875 
 487423.294921875 3755460.890625 371.57443237304688 
 487431.166015625 3755512.265625 561.148681640625 
 487446.41015625 3755391.515625 554.31829833984375 
 489225.3427734375 3753503.5625 87.726119995117188 
 489211.771484375 3753607.6875 506.20263671875 
 489429.59375 3753249.5 497.61346435546875 
 490016.466796875 3752720.1875 486.05819702148438 
 489320.68359375 3753428.59375 501.90802001953125 
 490745.9775390625 3751932.96875 -416.30844116210938 
 490628.3046875 3752219.5 481.22479248046875 
 490289.5087890625 3752272.359375 -1175.8951416015625 
 491083.0107421875 3751526.796875 -736.26922607421875 
 490318.09375 3752003.78125 -2910.609130859375 
 491313.1376953125 3751136.859375 -1753.0860595703125 
 489992.2802734375 3752022.375 -4821.96533203125 
 490910.7841796875 3751201.78125 -4185.66748046875 
 489506.66796875 3752161.296875 -6730.07568359375 
 490838.818359375 3751039.203125 -5808.41015625 
 490401.6865234375 3751305.03125 -6963.89306640625 
 490349.021484375 3751185.234375 -8220.7841796875 
 491366.2607421875 3750340.875 -7989.05419921875 
 491155.240234375 3750315.234375 -9336.357421875 
 491756.6591796875 3750103.734375 -6711.00830078125 
 492574.42431640625 3749408.84375 -7638.41796875 
 492230.4296875 3749945.140625 -5475.39208984375 
 491983.544921875 3750366.953125 -4247.4375 
 493632.646484375 3748766.3125 -6923.32421875 
 493686.384765625 3748503.078125 -9072.880859375 
 493334.123046875 3749309.703125 -5180.11669921875 
 494135.2412109375 3748481.65625 -5610.89111328125 
 492642.9560546875 3749894.40625 -3285.8720703125 
 491609.3740234375 3750868.53125 -3047.432373046875 
 493752.29052734375 3749263.109375 -3377.06494140625 
 494602.76953125 3748226.296875 -4465.3681640625 
 493105.7392578125 3749784.625 -2088.1337890625 
 494419.0341796875 3748649.25 -2606.99365234375 
 492224.92822265625 3750539.328125 -1886.4136962890625 
 492877.75 3750046.09375 -898.68670654296875 
 491556.8837890625 3751156.5 -667.392822265625 
 492401.89453125 3750458.4375 -710.248779296875 
 491400.1650390625 3751266.34375 -274.26300048828125 
 491786.3291015625 3751136.78125 -115.82302856445312 
 491028.2666015625 3751759.09375 473.641357421875 
 491562.591796875 3751244.8125 131.44264221191406 
 491452.150390625 3751320.921875 455.02627563476562 
 491903.26171875 3751161.15625 469.6376953125 
 492127.78955078125 3750877.46875 -168.63975524902344 
 491677.7080078125 3751241.03125 462.33206176757812 
 492200.84033203125 3750912.484375 471.810791015625 
 492442.779296875 3750590.609375 -122.46585083007812 
 492806.0810546875 3750177.515625 -234.45881652832031 
 492412.2802734375 3750679.953125 95.106246948242188 
 492505.4931640625 3750481.078125 165.65647888183594 
 492493.0556640625 3750601.59375 302.59921264648438 
 492499 3750664.5 473.91183471679688 
 492556.060546875 3750430.515625 472.15090942382812 
 492873.9267578125 3750224.375 479.07559204101562 
 492527.5322265625 3750547.5 473.03131103515625 
 493191.78125 3750018.25 486 
 493300.943359375 3749887.40625 -391.12091064453125 
 493593.8720703125 3749820.375 10.022444725036621 
 493778.74462890625 3749570.375 -1071.6842041015625 
 494090.9130859375 3749451.84375 -317.2884521484375 
 494772.0244140625 3748453.484375 -1470.2724609375 
 494523.23779296875 3748926.75 -556.61224365234375 
 495217.212890625 3747834.625 -2253.123291015625 
 495326.533203125 3747876.828125 -1160.72021484375 
 495576.9140625 3747224.046875 -3417.0283203125 
 496011.04174804688 3747130.71875 -2130.085693359375 
 495763.59716796875 3746993.515625 -4747.75146484375 
 496597.1220703125 3746062.359375 -3725.148193359375 
 494851.390625 3747643.328125 -6202.18505859375 
 495726.2060546875 3746804 -5991.87548828125 
 494586.3876953125 3747673.625 -8072.61767578125 
 495397.87646484375 3746898.203125 -7245.56591796875 
 494496.97900390625 3747471.53125 -9948.7109375 
 495714.9443359375 3746312.96875 -8465.9619140625 
 492992.79931640625 3748856.203125 -10123.869140625 
 493449.23876953125 3748430.625 -11276.45703125 
 492366.92578125 3749338.265625 -9067.392578125 
 491852.119140625 3749647.921875 -10329.2939453125 
 492127.43505859375 3749167.3125 -11615.28125 
 491117.8046875 3749999.28125 -11651.119140625 
 492885.81884765625 3748526.53125 -12741.517578125 
 491076.529296875 3749809.8125 -13012.025390625 
 494317.8486328125 3747359.46875 -11990.25390625 
 493669.76025390625 3747915.53125 -13853.931640625 
 495250.91162109375 3746436.90625 -11540.4306640625 
 495773.357421875 3746076.609375 -10295.2353515625 
 494820.39599609375 3746665.625 -13058.6435546875 
 495760.45458984375 3745803.203125 -12668.1875 
 495486.03857421875 3745892.3125 -13939.01171875 
 496072.40454101562 3745512.03125 -11464.078125 
 497383.10620117188 3744288.890625 -12842.0048828125 
 496750.57934570312 3744532.28125 -14045.705078125 
 496982.6201171875 3744765.5625 -11029.623046875 
 498466.0625 3743913.578125 -11820.2724609375 
 496924.12866210938 3745033.40625 -9132.861328125 
 498199.37902832031 3744110.4375 -10291.677734375 
 496714.0341796875 3745403.1875 -7860.68603515625 
 496292.90258789062 3746001.546875 -6747.08056640625 
 497759.48681640625 3744727.46875 -7380.48583984375 
 498840.80236816406 3744126.359375 -8871.9853515625 
 497813.77734375 3744939.15625 -5427.71923828125 
 496575.12573242188 3745814.0625 -5243.2529296875 
 499256.83197021484 3744361.703125 -5694.40966796875 
 498176.34399414062 3744898.140625 -3924.063720703125 
 498908.07067871094 3744268.0625 -7582.73388671875 
 499991.44744682312 3743887.34375 -7053.72509765625 
 500451.86572265625 3743301.171875 -8608.1748046875 
 500190.53332519531 3743298.828125 -10312.7998046875 
 501249.01843261719 3742605.546875 -7258.3798828125 
 500884.70648193359 3743291.078125 -5888.52490234375 
 501643.07629394531 3741993.125 -8929.2373046875 
 502382.02294921875 3741644.765625 -7720.1357421875 
 501230.31921386719 3742263.53125 -10321.3623046875 
 502855.544921875 3741116.765625 -9865.4375 
 500724.02276611328 3742557.921875 -11732.9248046875 
 499592.06994628906 3743611.1875 -11400.3984375 
 501905.74658203125 3741471.609375 -11335.302734375 
 501920.03112792969 3741295.46875 -12718.5185546875 
 503616.11328125 3740417.65625 -11543.3212890625 
 504295.94287109375 3740152.4375 -9482.580078125 
 504884.05810546875 3739465.3125 -11020.4375 
 503592.32421875 3740838.703125 -7691.3037109375 
 505136.1259765625 3739623.8125 -7900.6923828125 
 502479.74560546875 3741767.765625 -6258.80078125 
 503656.390625 3741050.875 -5728.64892578125 
 501755.18408203125 3742343.953125 -5115.59326171875 
 502624.2578125 3741962.6875 -3990.624755859375 
 501397.68115234375 3743036.140625 -3153.88818359375 
 501059.92846679688 3743350.734375 -4315.63134765625 
 502250.93994140625 3742305.84375 -2641.279296875 
 503361.43334960938 3741741.625 -1938.5045166015625 
 501433.53833007812 3743212.78125 -1915.004150390625 
 502456.08935546875 3742348.828125 -950.186767578125 
 500370.71752929688 3744175.21875 -2541.96826171875 
 500786.56335449219 3744031.71875 -1020.3714599609375 
 499703.87487792969 3744412.0625 -4128.17626953125 
 498969.9794921875 3744795.71875 -2620.388671875 
 499735.14385986328 3744666.984375 -1936.1600341796875 
 498202.62573242188 3745075.171875 -2387.3447265625 
 498793.13940429688 3744860.3125 -1780.538330078125 
 497444.13256835938 3745526.65625 -2453.3720703125 
 497827.13256835938 3745399.9375 -1643.5389404296875 
 496716.93920898438 3746042.453125 -2773.4033203125 
 496935.40966796875 3745954.640625 -1844.7496337890625 
 496792.55249023438 3746214.890625 -992.446044921875 
 495897.49462890625 3747340.625 -829.00262451171875 
 497302.32885742188 3745804.6875 -1031.752685546875 
 497043.44970703125 3746041.890625 -467.78005981445312 
 497822.01318359375 3745509.953125 -745.798828125 
 498489.57470703125 3745066.40625 -1009.3217163085938 
 498960.22900390625 3744998.171875 -326.03048706054688 
 499288.38409423828 3744949.234375 -1082.802978515625 
 500113.41507720947 3744603.671875 -530.14532470703125 
 499518.59188842773 3744922.609375 -518.54962158203125 
 501323.95971679688 3743670.953125 -240.68154907226562 
 501024.36999511719 3744034.640625 517.21331787109375 
 501510.31628417969 3743405.375 -707.99407958984375 
 501654.81677246094 3743237.90625 -119.000732421875 
 502012.15673828125 3742777.3125 -76.719741821289062 
 502798.11743164062 3742369.890625 504.4622802734375 
 503511.810546875 3741820.03125 -550.44683837890625 
 502155.90234375 3742690.359375 487.93307495117188 
 501961.16052246094 3742924.515625 491.45809936523438 
 501766.4287109375 3743158.65625 494.98294067382812 
 501618.97326660156 3743417.71875 173.94435119628906 
 501695.234375 3743334.453125 501.01327514648438 
 501624.046875 3743510.234375 507.0430908203125 
 503444.29370117188 3742057.15625 529.8077392578125 
 504319.39990234375 3741202.078125 -963.04638671875 
 504138.33203125 3741073.953125 -3017.9873046875 
 504659.89892578125 3741134.375 -261.80224609375 
 505270.30859375 3740660.90625 -293.75921630859375 
 504211.857421875 3741387.796875 499.44192504882812 
 504528.0947265625 3741261.3125 499.04299926757812 
 503817.72973632812 3741711.203125 508.11016845703125 
 504844.3212890625 3741134.84375 498.64407348632812 
 505354.19970703125 3740704.796875 498.16891479492188 
 505799.29150390625 3740222.703125 46.456985473632812 
 505861.5703125 3740271.75 499.08883666992188 
 505736.896484375 3740102.890625 -393.09506225585938 
 505859.6552734375 3739882.453125 -83.83709716796875 
 505574.47412109375 3740261.28125 -1253.1031494140625 
 505936.962890625 3739605.5 -1013.9434204101562 
 505340.060546875 3740204.796875 -3012.348876953125 
 505783.6357421875 3739638.78125 -2159.94140625 
 504390.70068359375 3740795.3125 -4465.56982421875 
 505600.9814453125 3739548.875 -4275.9453125 
 504789.13134765625 3740215.890625 -6160.8896484375 
 505898.9658203125 3738910.15625 -5959.8359375 
 506277.0537109375 3738153.96875 -7932.60791015625 
 506758.3193359375 3737814.3125 -6471.67578125 
 505245.96923828125 3739280.65625 -9239.9873046875 
 505807.5712890625 3738395.984375 -10098.94921875 
 505636.61865234375 3738436.140625 -11401.2177734375 
 507111.16015625 3736723.8125 -10770.01171875 
 505321.8681640625 3738874.546875 -12586.58984375 
 504171.390625 3739703.40625 -13351.6005859375 
 506283.27392578125 3737531.0625 -12096.9375 
 505872.853515625 3737765.640625 -13794.974609375 
 507148.3505859375 3736420.53125 -12273.783203125 
 507765.45556640625 3735309.125 -11651.3603515625 
 507227.33447265625 3736015.609375 -13634.984375 
 506349.970703125 3736997.671875 -15302.2822265625 
 507786.4619140625 3734882.890625 -13003.8681640625 
 507689.2001953125 3734819.546875 -14525.7333984375 
 507000.38330078125 3736154.796875 -15501.3076171875 
 508125.79296875 3733440.296875 -13938.048828125 
 508079.1484375 3733355.75 -14902.5283203125 
 508172.4375 3733524.84375 -12973.5712890625 
 508219.08203125 3733609.390625 -12009.0927734375 
 508265.7265625 3733693.9375 -11044.6142578125 
 507901.75634765625 3735245.921875 -10127.822265625 
 508312.37109375 3733778.484375 -10080.13671875 
 508359.015625 3733863.03125 -9115.658203125 
 507710.1630859375 3735947.453125 -8781.7822265625 
 508405.6591796875 3733947.578125 -8151.17919921875 
 506857.47314453125 3737281.671875 -9224.1259765625 
 507321.52099609375 3736944.578125 -7536.4501953125 
 508065.96875 3735515.546875 -6813.03466796875 
 507600.35986328125 3736726.703125 -5923.88623046875 
 508160.861328125 3735582.515625 -5276.89404296875 
 507405.81884765625 3737275.125 -4524.5927734375 
 506502.720703125 3738403.203125 -4303.87939453125 
 507123.228515625 3737863.390625 -3211.416259765625 
 506235.83203125 3738894.109375 -3121.929443359375 
 506444.04638671875 3738814.203125 -1832.378173828125 
 507073.14453125 3738221.796875 -1121.273193359375 
 506509.88671875 3738895.328125 -715.59326171875 
 507776.5703125 3737097.921875 -2288.614501953125 
 508029.193359375 3736880.953125 -901.2750244140625 
 508042.73388671875 3736110.109375 -3941.5546875 
 508352.7783203125 3735759.34375 -1977.5155029296875 
 508592.234375 3734285.75 -4293.265625 
 508638.87890625 3734370.28125 -3328.78759765625 
 508545.5908203125 3734201.203125 -5257.74462890625 
 508498.947265625 3734116.65625 -6222.22314453125 
 508452.3037109375 3734032.109375 -7186.701171875 
 508685.5234375 3734454.84375 -2364.308349609375 
 508732.16796875 3734539.375 -1399.8311767578125 
 508440.5859375 3735665.578125 -1280.7987060546875 
 508085.56396484375 3736582.765625 -1692.629638671875 
 508778.8125 3734623.921875 -435.35250854492188 
 508476.013671875 3735718.96875 -575.146484375 
 508641.1982421875 3735406.59375 520.024169921875 
 508247.623046875 3736246.1875 -929.67730712890625 
 508176.47265625 3736660.484375 -400.04928588867188 
 507961.91015625 3737146.546875 -209.90126037597656 
 507463.044921875 3737879.484375 -332.05856323242188 
 508119.1884765625 3736904.5625 108.06266784667969 
 507962.56689453125 3737288.359375 520.5069580078125 
 508424.619140625 3736094.984375 511.39849853515625 
 508219.46875 3736789.25 509.7655029296875 
 508091.021484375 3737038.796875 515.1361083984375 
 507681.9560546875 3737724.234375 525.9007568359375 
 507374.0625 3738141.296875 523.1575927734375 
 506757.63623046875 3738779.109375 493.5184326171875 
 506060.3984375 3739562.71875 -184.08589172363281 
 506199.58203125 3739468.546875 485.42227172851562 
 506025.958984375 3739730.15625 485.5887451171875 
 505822.51318359375 3740072.984375 248.32530212402344 
 505852.34375 3739991.75 485.75518798828125 
 505856.95703125 3740131.75 492.4219970703125 
 508825.45703125 3734708.46875 529.12640380859375 
 507634.923828125 3734705.0625 -15669.65625 
 508032.50390625 3733271.203125 -15867.005859375 
 507266.4833984375 3735548.015625 -16360.5478515625 
 507524.3154296875 3734790.9375 -16812.53125 
 506867.70166015625 3736188.671875 -16578.966796875 
 507175.10009765625 3735614.75 -17020.744140625 
 506062.4794921875 3737145.109375 -16456.900390625 
 505687.9375 3737730.8125 -15542.640625 
 506576.52294921875 3736489.265625 -17247.5078125 
 505854.9580078125 3737196.84375 -17696.21875 
 506980.7265625 3735839.515625 -17620.556640625 
 506661.05615234375 3736262.1875 -18023.177734375 
 507309.4638671875 3735261.203125 -17574.568359375 
 507139.123046875 3735492.4375 -18167.55078125 
 507673.51123046875 3734102.28125 -17817.85546875 
 507491.73583984375 3734404.078125 -18794.96484375 
 507985.859375 3733186.671875 -16831.484375 
 507939.21484375 3733102.125 -17795.962890625 
 507708.3203125 3733715.625 -18780.2421875 
 507892.5703125 3733017.578125 -18760.44140625 
 507286.58203125 3735098.34375 -18811.63671875 
 507158.13427734375 3735347.890625 -18810.0859375 
 507029.6796875 3735597.453125 -18808.533203125 
 506749.0302734375 3736033.390625 -18798.0625 
 506441.1796875 3736450.390625 -18782.615234375 
 505824.76416015625 3737088.1875 -18738.99609375 
 505231.77978515625 3737926.28125 -18127.44140625 
 505266.6953125 3737777.640625 -18706.9609375 
 505250.19921875 3738014.453125 -17430.228515625 
 504973.22216796875 3738417.390625 -17926.87109375 
 505341.4140625 3738041.15625 -16445.548828125 
 505028.6650390625 3738603.359375 -17174.8671875 
 505126.02197265625 3738555.59375 -15636.9716796875 
 505401.083984375 3738251.625 -14639.4619140625 
 504797.98876953125 3739121.40625 -14503.5380859375 
 505257.7978515625 3738635.90625 -13639.5732421875 
 504022.06201171875 3739642.046875 -15102.7333984375 
 502917.31860351562 3740662.75 -13442.6572265625 
 504454.1572265625 3739188.75 -16688.1328125 
 503644.30444335938 3739676.40625 -16764.6875 
 504380.5087890625 3739190.546875 -17279.541015625 
 502670.58764648438 3740565.515625 -15696.3505859375 
 502820.69897460938 3740227.625 -17370.107421875 
 501938.51391601562 3741069.40625 -14495.0888671875 
 500988.55560302734 3741647.078125 -15978.96484375 
 501107.669921875 3741913.71875 -13627.876953125 
 500199.99504089355 3742798.9375 -13612.5810546875 
 500042.20593643188 3742779.890625 -14884.62109375 
 499628.74661254883 3743433.34375 -12667.328125 
 498442.27880859375 3743748.84375 -13369.57421875 
 498489.68225097656 3743655.203125 -14695.6396484375 
 497623.17041015625 3743970 -14369.580078125 
 499547.96551513672 3743086.484375 -15932.59375 
 500168.89736938477 3742466.40625 -16713.39453125 
 498583.3310546875 3743535.609375 -16418.986328125 
 497758.22192382812 3743764.484375 -15357.419921875 
 499382.01666259766 3743049.859375 -17098.080078125 
 498791.017578125 3743386.171875 -17079.96875 
 500091.60781860352 3742343.625 -18291.267578125 
 499477.236328125 3742850.09375 -18239.603515625 
 500571.67114257812 3742009.421875 -17576.390625 
 500391.37896728516 3742081.484375 -18315.5 
 500822.51885986328 3741777.359375 -17154.0859375 
 500846.73919677734 3741579.046875 -17733.58203125 
 501723.69860839844 3740873.9375 -17089.69140625 
 501182.23388671875 3741136.46875 -17812.908203125 
 501865.09069824219 3740679.03125 -18427.228515625 
 500833.5390625 3741467.75 -18336.46875 
 500752.94293212891 3741743.984375 -18014.912109375 
 501028.27185058594 3741233.609375 -18348.0546875 
 501223.01306152344 3740999.453125 -18359.642578125 
 500762.35144042969 3741643.53125 -18338.099609375 
 500691.15771484375 3741819.328125 -18339.732421875 
 502511.4033203125 3740366.25 -18495.896484375 
 502885.11889648438 3740020.0625 -18524.84375 
 503325.1552734375 3739815.625 -17455.509765625 
 503495.58374023438 3739645.703125 -18064.771484375 
 503278.96850585938 3739696.890625 -18558.0625 
 503859.71044921875 3739529.09375 -17681.77734375 
 503911.43359375 3739443.9375 -18628.71484375 
 504501.81689453125 3739030.515625 -17842.4140625 
 504789.1298828125 3738820.9375 -17517.26953125 
 504802.49658203125 3738760.765625 -17995.46875 
 504952.73193359375 3738534.671875 -18312.830078125 
 505011.77197265625 3738244.5625 -18198.2734375 
 504421.3056640625 3739013.90625 -18670.958984375 
 504928.68359375 3738580.84375 -18712.666015625 
 504936.16259765625 3738383.859375 -18482.265625 
 504924.0703125 3738440.84375 -18702.921875 
 504919.45703125 3738300.84375 -18693.177734375 
 505093.07275390625 3738039.234375 -18700.0703125 
 503595.20434570312 3739570.40625 -18593.388671875 
 499008.705078125 3743153.5 -18194.8125 
 498415.27893066406 3743435.75 -17637.919921875 
 498511.322265625 3743405.1875 -18142.68359375 
 498144.34313964844 3743450.03125 -17200.3046875 
 497861.4453125 3743369.578125 -18050.857421875 
 497759.1708984375 3743643.875 -16335.70703125 
 497102.74609375 3743981.078125 -16793.720703125 
 497087.13598632812 3744083.375 -16005.1083984375 
 496957.40771484375 3744267 -15080.3466796875 
 496458.0546875 3744504.3125 -15761.6201171875 
 496055.91528320312 3745032.328125 -14704.6650390625 
 495319.83154296875 3745852.140625 -15232.2255859375 
 495774.28955078125 3745201.703125 -15792.90234375 
 494503.876953125 3746849.921875 -14491.3466796875 
 494145.4326171875 3746960.453125 -15958.373046875 
 493681.59130859375 3747720.53125 -15089.9658203125 
 492717.35595703125 3748456.234375 -14239.328125 
 492224.1337890625 3748659.90625 -15292.8173828125 
 491769.1875 3749049.953125 -14573.4794921875 
 493117.126953125 3748070.75 -16147.6171875 
 492222.6484375 3748535.109375 -16227.96875 
 493773.18603515625 3747346.75 -16734.521484375 
 494219.85205078125 3746804.078125 -16855.77734375 
 493298.111328125 3747859.671875 -16910.73046875 
 492511.056640625 3748311.375 -16745.84765625 
 493639.81982421875 3747383.421875 -17730.560546875 
 493342.173828125 3747741.84375 -17712.88671875 
 494002.27197265625 3746923.21875 -17272.611328125 
 493865.798828125 3746975.59375 -17735.150390625 
 494206.892578125 3746712.84375 -17765.03515625 
 494556.984375 3746251.46875 -17783.236328125 
 494036.34619140625 3746844.21875 -17750.09375 
 494728.21435546875 3746231.0625 -16585.552734375 
 495087.43798828125 3745786.625 -17155.185546875 
 494919.27099609375 3745799.796875 -17803.74609375 
 495341.66845703125 3745737.109375 -16537.443359375 
 495537.7119140625 3745390.3125 -17032.87890625 
 495698.07958984375 3745218.109375 -16432.66796875 
 496108.22583007812 3744658.25 -16549.888671875 
 495860.31982421875 3744848.015625 -17177.390625 
 495502.47314453125 3745302.75 -17851.732421875 
 496208.58984375 3744505.421875 -17029.271484375 
 496607.37182617188 3744299.75 -16601.466796875 
 496007.10913085938 3744620.671875 -17486.537109375 
 495697.173828125 3744928.34375 -17854.1875 
 496647.81787109375 3744106.1875 -17931.630859375 
 496055.203125 3744497.59375 -17875.474609375 
 497261.04077148438 3743748.65625 -17992.826171875 
 495876.1884765625 3744712.96875 -17864.830078125 
 495227.326171875 3745704.859375 -17483.578125 
 495273.6416015625 3745657.328125 -17843.287109375 
 495096.4560546875 3745728.5625 -17823.517578125 
 493079.57958984375 3747931.34375 -17689.048828125 
 492738.66162109375 3748191.84375 -17175.701171875 
 492816.98583984375 3748120.84375 -17665.2109375 
 492258.892578125 3748327.34375 -17601.779296875 
 492020.96337890625 3748582.390625 -16829.751953125 
 492537.939453125 3748224.09375 -17633.494140625 
 491941.0361328125 3748533.46875 -17571.412109375 
 491711.7421875 3748871.484375 -16055.51171875 
 491627.8681640625 3748949.015625 -16798.7578125 
 491420.669921875 3749368.578125 -15360.796875 
 491318.912109375 3749291.0625 -16639.91796875 
 490783.95703125 3749793.125 -14885.111328125 
 490654.482421875 3749795.125 -15559.232421875 
 490128.9228515625 3750392.53125 -15102.5205078125 
 490789.6552734375 3749640.484375 -16210.87890625 
 490330.341796875 3750019.640625 -16118.5537109375 
 490938.55859375 3749536.078125 -16844.1640625 
 490526.0263671875 3749742.921875 -16636.03515625 
 491489.99609375 3749096.390625 -17068.84375 
 491267.953125 3749221.578125 -17523.478515625 
 491633.111328125 3748815.390625 -17161.755859375 
 491593.37890625 3748924.375 -17341.830078125 
 491623.171875 3748739.609375 -17541.04296875 
 491566.111328125 3748973.59375 -17548.408203125 
 491594.6435546875 3748856.59375 -17544.724609375 
 490970.3720703125 3749470.25 -17498.671875 
 490676.71484375 3749604.359375 -17105.833984375 
 490744.8134765625 3749550.140625 -17472.802734375 
 490095.3740234375 3750068.1875 -17417.060546875 
 490519.2587890625 3749630.015625 -17446.93359375 
 489987.6689453125 3750330.03125 -16529.845703125 
 489695.4150390625 3750528.59375 -17391.927734375 
 489646.85546875 3750774.9375 -15787.9169921875 
 489010.0224609375 3751284.625 -15969.19140625 
 488518.005859375 3751679.1875 -16515.86328125 
 488045.083984375 3752273.6875 -16297.228515625 
 489083.73046875 3751029.15625 -17340.25 
 488496.705078125 3751558.59375 -17293.84375 
 488373.2666015625 3751843.59375 -16879.65234375 
 488387.7939453125 3751737.6875 -17290.49609375 
 487690.0966796875 3752465.890625 -17285.15234375 
 488278.8818359375 3751916.78125 -17287.1484375 
 487047.705078125 3753167.3125 -16462.283203125 
 487090.8359375 3753003.640625 -17296.154296875 
 486748.44921875 3753458.296875 -16596.80859375 
 486552.9658203125 3753674.78125 -16914.28515625 
 486464.3662109375 3753955.375 -16871.9921875 
 486528.767578125 3753579.84375 -17312.5390625 
 486522.8896484375 3753779.4375 -17111.39453125 
 486513.521484375 3753700.609375 -17321.861328125 
 486355.7998046875 3754054.5 -17342.689453125 
 486498.27734375 3753821.359375 -17331.18359375 
 498186.384765625 3743387.390625 -18096.771484375 
 500410.125 3744541 488.87899780273438 
 499941.81482315063 3744844.265625 490.6944580078125 
 499283.66119384766 3745047.265625 28.204845428466797 
 499444.2109375 3745096.09375 480.39077758789062 
 498794.333984375 3745060.484375 481.05044555664062 
 498193.96130371094 3745439.546875 482.31283569335938 
 499119.265625 3745078.28125 480.72061157226562 
 497580.53564453125 3745797.203125 482.72579956054688 
 496868.5888671875 3746273.1875 65.925872802734375 
 496988.09375 3746188.5 482.97604370117188 
 496665.12890625 3746469.8125 -273.34921264648438 
 496630.06372070312 3746619.25 484.93875122070312 
 496095.96923828125 3747325.734375 -181.44186401367188 
 495594.34130859375 3747669.1875 -364.79843139648438 
 496435.375 3746993.625 486.61917114257812 
 496206.5322265625 3747348.25 486.59442138671875 
 495929.10278320312 3747424.25 131.89871215820312 
 496029.34985351562 3747419.46875 486.2972412109375 
 495852.16064453125 3747490.703125 486 
 495489.84912109375 3747942.40625 486.03671264648438 
 495299.78466796875 3748028.6875 -476.91595458984375 
 495116.68115234375 3748325.65625 -150.47756958007812 
 495037.9560546875 3748447.65625 196.73252868652344 
 494998.0341796875 3748395.109375 -500.96014404296875 
 494854.7236328125 3748562.328125 -24.970430374145508 
 494572.78564453125 3749074.1875 486.50497436523438 
 494798.6875 3748666.5 486 
 494275.0625 3749432.75 486.79351806640625 
 494012.4677734375 3749622.25 486.4581298828125 
 493749.875 3749811.75 486.12274169921875 
 493470.82470703125 3749915 486.06137084960938 
 494969.23388671875 3748535.125 486 
 495139.78125 3748403.75 486 
 496809.07934570312 3746403.875 483.95736694335938 
 484656.271484375 3755731.421875 -17357.466796875 
