 489604.486328125 3755598.28125 -16510.052734375 
 489649.958984375 3755592.765625 -17417.28515625 
 490162.35546875 3755154.90625 -17419.81640625 
 490258.9931640625 3754950.28125 -16708.291015625 
 489110.6689453125 3755996.15625 -17420.38671875 
 488959.9677734375 3756140.125 -16830.181640625 
 488841.544921875 3756298.71875 -17422.388671875 
 488943.755859375 3756131.859375 -16204.6083984375 
 488431.7509765625 3756774.84375 -16633.77734375 
 489474.669921875 3755679.984375 -15581.490234375 
 490236.654296875 3754925.671875 -15833.44140625 
 488911.779296875 3756115.546875 -14970.763671875 
 488110.3193359375 3757063.625 -15903.4560546875 
 489791.798828125 3755315.484375 -14290.7099609375 
 488792.1806640625 3756168.296875 -13608.40625 
 489667.4296875 3755390.875 -12918.328125 
 487221.2177734375 3757638.875 -14487.1162109375 
 488053.7939453125 3757004 -12862.591796875 
 486527.896484375 3758010.84375 -12893.9404296875 
 488789.220703125 3756107.484375 -11634.4150390625 
 487270.54296875 3757512.8125 -11626.9423828125 
 490260.181640625 3754597.53125 -12143.9716796875 
 490604.138671875 3753429.1875 -13409.3876953125 
 490037.515625 3754903.8125 -10931.5390625 
 489031.1884765625 3755810.34375 -9963.69921875 
 490534.2705078125 3753410.109375 -11419.5478515625 
 490497.505859375 3753403.46875 -10424.6533203125 
 490571.03515625 3753416.734375 -12414.443359375 
 490035.21484375 3754807.859375 -9433.6884765625 
 490460.7412109375 3753396.84375 -9429.7578125 
 489040.12890625 3755760.453125 -8612.056640625 
 489855.271484375 3754931.28125 -7949.18896484375 
 488101.1513671875 3756659.9375 -8361.77734375 
 487740.1279296875 3757161.09375 -10189.04296875 
 488792.375 3755927.65625 -6982.2763671875 
 487776.9326171875 3757009.359375 -6712.29296875 
 489881.57421875 3754822.5625 -6396.08203125 
 490387.2119140625 3753383.5625 -7439.96728515625 
 488584.583984375 3756012.21875 -5660.2607421875 
 489457.3359375 3755274.96875 -4972.2802734375 
 487829.7041015625 3756921 -5142.82568359375 
 486692.361328125 3757714.25 -5825.20849609375 
 488814.31640625 3755795.234375 -3590.51513671875 
 488003.0126953125 3756723.421875 -3613.91015625 
 489973.87109375 3754525.03125 -4103.05712890625 
 490313.6826171875 3753370.28125 -5450.1767578125 
 489629.9248046875 3754992.265625 -2975.74658203125 
 488933.8095703125 3755616.78125 -1882.7294921875 
 490240.1533203125 3753357.03125 -3460.386962890625 
 490203.388671875 3753350.390625 -2465.491455078125 
 490276.91796875 3753363.65625 -4455.28125 
 489640.3857421875 3754879.28125 -1118.94384765625 
 490166.623046875 3753343.75 -1470.5965576171875 
 488638.791015625 3755818.96875 -412.13186645507812 
 489657.728515625 3754794.734375 -154.20263671875 
 488056.15625 3756404.296875 -1499.8065185546875 
 488008.03125 3756544.75 -428.27285766601562 
 488161.59765625 3756301.359375 -2601.40380859375 
 487586.337890625 3756987.75 -2010.7841796875 
 487416.5302734375 3757142.140625 -3238.126708984375 
 487386.7373046875 3757194.765625 -4226.18505859375 
 486758.5517578125 3757605.859375 -3351.989501953125 
 486626.1298828125 3757711.71875 -4583.68994140625 
 486074.23828125 3758104.859375 -3540.506591796875 
 486334.7587890625 3757865.265625 -2746.949462890625 
 485609.8935546875 3758341.390625 -4230.359375 
 485097.720703125 3758701.890625 -2951.383544921875 
 485354.287109375 3758591.296875 -6151.9111328125 
 486245.5751953125 3758047.375 -7226.14404296875 
 484381.4013671875 3759434.34375 -5271.84814453125 
 484293.537109375 3759596.09375 -6690.296875 
 484519.107421875 3759203.109375 -4001.08544921875 
 483239.158203125 3760444.59375 -4256.994140625 
 483275.92578125 3760451.234375 -5243.4208984375 
 483202.388671875 3760437.96875 -3270.57080078125 
 484319.337890625 3759434.671875 -2738.691162109375 
 483165.62109375 3760431.328125 -2284.1435546875 
 485107.47265625 3758649.21875 -1854.1640625 
 484437.1796875 3759207.75 -1147.0379638671875 
 485794.2392578125 3758178.03125 -2291.631591796875 
 485827.056640625 3758143.703125 -1522.99658203125 
 486291.912109375 3757877.59375 -1965.210693359375 
 487003.0654296875 3757426.859375 -2597.001220703125 
 486842.2607421875 3757517.609375 -1804.2423095703125 
 486441.708984375 3757749.90625 -1317.2255859375 
 486941.8828125 3757433.828125 -1102.31787109375 
 487579.173828125 3756964.953125 -951.60723876953125 
 487043.3681640625 3757347.421875 -487.221435546875 
 487361.5107421875 3757079.21875 651.16162109375 
 487964.6875 3756606.25 651.1063232421875 
 486648.7958984375 3757571.765625 -30.386640548706055 
 486722.0576171875 3757505 670.7628173828125 
 486550.9560546875 3757654.828125 -661.2689208984375 
 486181.1357421875 3757943.640625 -274.30776977539062 
 486099.03515625 3758032.578125 -811.02178955078125 
 486009.9384765625 3758033.515625 239.10005187988281 
 485700.9853515625 3758140.859375 -117.09271240234375 
 486121.85546875 3757983.640625 706.50848388671875 
 485815.8310546875 3758073.8125 679.9012451171875 
 485527.34375 3758207.796875 669.27032470703125 
 485140.23828125 3758521.609375 668.21636962890625 
 484629.830078125 3758943.28125 -263.5733642578125 
 484736.6513671875 3758814.546875 663.582763671875 
 485246.990234375 3758515.5 -927.01263427734375 
 484149.6376953125 3759497.515625 -494.31524658203125 
 484418.5546875 3759188.578125 158.51046752929688 
 483128.853515625 3760424.703125 -1297.716796875 
 483546.388671875 3759905.53125 -21.735866546630859 
 483092.083984375 3760418.0625 -311.28964233398438 
 483950.58984375 3759612.90625 709.2115478515625 
 483447.556640625 3760049.90625 328.36029052734375 
 484317.724609375 3759316.671875 665.45428466796875 
 484507.26171875 3759047.59375 664.2896728515625 
 483551.84375 3759856.75 726.58636474609375 
 483073.701171875 3760414.75 181.92550659179688 
 483217.291015625 3760284.1875 686.73492431640625 
 483055.31640625 3760411.4375 675.13720703125 
 483365.5625 3760140.25 700.166259765625 
 483463.728515625 3760002.578125 716.9034423828125 
 488055.6806640625 3756275.1875 73.503700256347656 
 488039.955078125 3756358.46875 637.68353271484375 
 488091.302734375 3756104.484375 617.186279296875 
 488441.08984375 3755880.125 607.88763427734375 
 488799 3755663.5 603.1575927734375 
 489201.4248046875 3755274.21875 605.74725341796875 
 489597.6875 3754889.25 582.63604736328125 
 489757.6611328125 3754581.515625 552.08734130859375 
 489938.2265625 3754130.96875 136.65046691894531 
 489951.4111328125 3754137.421875 -297.3360595703125 
 489893.875 3754261.25 548 
 489935.6728515625 3753985.59375 545.936279296875 
 489972.8828125 3753624.484375 186.35444641113281 
 489941.25 3753705.5 540.2667236328125 
 490129.859375 3753337.140625 -475.70101928710938 
 490111.4755859375 3753333.8125 21.746461868286133 
 490093.09375 3753330.5 519.19476318359375 
 489989.3232421875 3753506.796875 531.0894775390625 
 483312.693359375 3760457.859375 -6229.84814453125 
 483349.4609375 3760464.5 -7216.27490234375 
 484330.498046875 3759622.484375 -8508.6708984375 
 483386.228515625 3760471.140625 -8202.7021484375 
 485052.4306640625 3758929.765625 -7652.0966796875 
 485676.0166015625 3758449.90625 -8792.6630859375 
 484862.3359375 3759187.515625 -9633.7041015625 
 486299.3134765625 3758079.734375 -10174.8408203125 
 483422.99609375 3760477.78125 -9189.12890625 
 483459.763671875 3760484.40625 -10175.5556640625 
 484464.4453125 3759583.75 -11622.97265625 
 483496.533203125 3760491.046875 -11161.982421875 
 485523.7216796875 3758654.703125 -11586.8955078125 
 485468.91015625 3758735.203125 -12880.5419921875 
 484706.15234375 3759496.765625 -13588.7548828125 
 485746.11328125 3758591.15625 -14376.5078125 
 485003.640625 3759298.015625 -15613.3681640625 
 486070.318359375 3758403.859375 -15902.1552734375 
 483643.6044921875 3760517.578125 -15107.6865234375 
 484359.255859375 3759873.609375 -16213.6328125 
 483606.8359375 3760510.953125 -14121.259765625 
 483570.068359375 3760504.3125 -13134.8330078125 
 483533.30078125 3760497.6875 -12148.4091796875 
 483680.3720703125 3760524.203125 -16094.1142578125 
 484675.2587890625 3759657.671875 -16641.052734375 
 484097.107421875 3760156.796875 -16598.654296875 
 485263.3037109375 3759017.984375 -16397.82421875 
 485101.353515625 3759248.46875 -17224.751953125 
 485398.4775390625 3758933.953125 -17256.73828125 
 484808.3720703125 3759570.3125 -17193.412109375 
 484493.8935546875 3759822.265625 -17161.37109375 
 484170.5390625 3760063.1875 -17134.25 
 483966.5478515625 3760318.75 -17106.193359375 
 483717.140625 3760530.84375 -17080.541015625 
 486034.759765625 3758449.390625 -16631.697265625 
 485802.0517578125 3758641.03125 -17297.263671875 
 487162.45703125 3757737 -16257.6650390625 
 486794.1123046875 3757980.9375 -17397.703125 
 487389.052734375 3757621.046875 -17454.044921875 
 486189.16796875 3758327.203125 -17336.779296875 
 487974.9892578125 3757242.375 -17460.416015625 
 488303.54296875 3756946.578125 -17459.01171875 
 488616.224609375 3756633.890625 -17454.25 
 486812.03515625 3757704.015625 -8580.85546875 
 490350.447265625 3753376.921875 -6445.07177734375 
 490423.9765625 3753390.203125 -8434.8623046875 
 490633.5634765625 3753447.5 -14404.3798828125 
 490662.9892578125 3753465.796875 -15399.373046875 
 490547.9140625 3754272.953125 -16591.451171875 
 490692.4150390625 3753484.109375 -16394.3671875 
 490608.2724609375 3753747.265625 -17073.162109375 
 490568.2841796875 3754258.171875 -17016.08984375 
 490707.126953125 3753493.25 -16891.86328125 
 490721.83984375 3753502.40625 -17389.359375 
 490641.1103515625 3753655.453125 -17388.197265625 
 490603.07421875 3753824.90625 -17393.982421875 
 490597.5 3754104.90625 -17411.431640625 
 490555.69921875 3754380.65625 -17423.6171875 
 490377.521484375 3754777.125 -17424.87109375 