 522265.021484375 3725296.78125 -15114.1630859375 
 521614.708984375 3725899.21875 -15787.8134765625 
 522140.4453125 3725518.03125 -15754.375 
 522416.294921875 3725321.03125 -15786.4990234375 
 521195.560546875 3725955.96875 -14834.0087890625 
 522023.609375 3725216.59375 -14100.7373046875 
 521088.9921875 3726280.375 -15821.25 
 520125.294921875 3726747.90625 -14495.6435546875 
 520950.099609375 3725875 -13822.443359375 
 520381.595703125 3726911.9375 -15942.640625 
 519719.98046875 3727592.53125 -16056.25 
 518729.095703125 3728050.484375 -15064.580078125 
 519200.158203125 3727991.03125 -16104.875 
 519064.802734375 3727526.78125 -14107.7666015625 
 518130.52734375 3728055.46875 -13405.787109375 
 519194.63671875 3727115.53125 -13085.9052734375 
 520333.333984375 3726182.4375 -12958.0830078125 
 519279.02734375 3726743.65625 -12044.845703125 
 521082.36328125 3725489.375 -12659.81640625 
 521797.01171875 3725103.625 -13086.69140625 
 520309.271484375 3725915.125 -11883.5615234375 
 519899.6796875 3726296.15625 -11947.5 
 520718.84765625 3725534.125 -11819.625 
 521164.958984375 3725218.71875 -11787 
 521611.0703125 3724903.3125 -11754.375 
 522152.173828125 3724813.21875 -12502.3828125 
 521969.400390625 3724744.03125 -11786.4990234375 
 522472.28515625 3724765.3125 -13194.9013671875 
 523372.9453125 3724444.375 -12950.755859375 
 522937.279296875 3724697 -13799.4462890625 
 523122.0625 3724384.875 -11796.126953125 
 522327.7421875 3724584.71875 -11818.625 
 523917.9453125 3724195.375 -11744.75 
 524301.9375 3724142.5 -12818.416015625 
 524502.947265625 3723930.875 -11726.638671875 
 524003.306640625 3724380.28125 -13754.6259765625 
 524992.873046875 3724012.4375 -13714.1044921875 
 525481.44921875 3723637.0625 -12772.994140625 
 523741.80859375 3724540.75 -14719.2685546875 
 524968.505859375 3724342.09375 -15726.6875 
 522747.798828125 3724941.59375 -14793.6181640625 
 523046.1796875 3724864.9375 -15273.0107421875 
 523654.41796875 3724711.90625 -15780.2509765625 
 524091.060546875 3724562.625 -15744.75 
 523217.7890625 3724861.15625 -15815.75 
 522954.966796875 3724992.59375 -15817.1875 
 522692.162109375 3725124 -15818.625 
 525992.02734375 3723701.46875 -14480.216796875 
 525845.96484375 3724121.53125 -15708.625 
 526475.822265625 3722908.875 -12742.2109375 
 526962.701171875 3722802.125 -13707.3798828125 
 525611.4296875 3723255.78125 -11708.638671875 
 526134.91015625 3722845.1875 -11708.75 
 525087.9453125 3723666.375 -11708.52734375 
 526711.443359375 3722502.9375 -12293.7822265625 
 527054.46875 3722447.875 -13000.56640625 
 526450.2578125 3722534.53125 -11709.748046875 
 526765.6015625 3722223.875 -11710.74609375 
 527383.830078125 3721902.84375 -11630.1494140625 
 527853.7890625 3721825.09375 -12614.8359375 
 527965.484375 3721515.0625 -11572.125 
 527748.548828125 3722202.28125 -13668.564453125 
 528505.69921875 3721494.375 -13425.4306640625 
 528900.451171875 3720905.84375 -12571.45703125 
 528268.119140625 3721986.71875 -14490.869140625 
 529294.634765625 3720988.34375 -14287.2080078125 
 527496.412109375 3722632.9375 -14548.1435546875 
 528188.412109375 3722409.34375 -15610.291015625 
 528783.796875 3721821.65625 -15558.888671875 
 527579.552734375 3722980.9375 -15684.951171875 
 526980.30078125 3723565.5 -15708.75 
 526413.125 3723843.53125 -15708.6875 
 529375.8984375 3721229 -15535.078125 
 530004.455078125 3720674.34375 -15515.125 
 529934.4765625 3720195.8125 -13522.44921875 
 530752.623046875 3719602.8125 -14314.171875 
 530187.890625 3719760.125 -12564.6357421875 
 529544.44140625 3720057.03125 -11515.125 
 529909.419921875 3719769.75 -11518.3203125 
 529014.533203125 3720539.25 -11531.0498046875 
 528488.759765625 3721025.875 -11550.5283203125 
 530274.3984375 3719482.46875 -11521.515625 
 530842.884765625 3718900.90625 -11557.0458984375 
 531273.91796875 3718855.375 -13407.4150390625 
 531408.337890625 3718316.375 -11589.333984375 
 532004.658203125 3718253.09375 -14350.44921875 
 532303.607421875 3717633.53125 -12689.7841796875 
 531231.322265625 3719375.65625 -15562.46875 
 531838.126953125 3718720.53125 -15591.71875 
 530614.2890625 3720020.96875 -15521.3681640625 
 532428.9296875 3718049.90625 -15601.5 
 533148.68359375 3717517.96875 -15620.626953125 
 532916.92578125 3717324.4375 -13607.302734375 
 534197.4140625 3716549.125 -14427.3037109375 
 533049.9609375 3716865.75 -11627.875 
 534048.76953125 3716437.03125 -13095.677734375 
 532502.2265625 3717289.3125 -11614.4375 
 531954.50390625 3717712.90625 -11601 
 533680.0078125 3716445.75 -11670.0751953125 
 534308.84375 3716023.53125 -11705.98828125 
 535184.234375 3715561.5 -12759.94140625 
 534934.265625 3715595 -11724.125 
 535594.11328125 3715384 -13727.95703125 
 535769.5078125 3715120.8125 -13018.5224609375 
 535326.078125 3715950.53125 -15725.568359375 
 536026.9453125 3715160.15625 -14414.1435546875 
 534597.13671875 3716469.90625 -15708.556640625 
 533871.0234375 3716990.59375 -15654.466796875 
 535952.2890625 3715434.125 -15726.35546875 
 536237.87890625 3714870.125 -13652.6083984375 
 536693.36328125 3714659.09375 -14309.513671875 
 536852.03515625 3714361.75 -12972.5068359375 
 536585.9140625 3714926.875 -15721.509765625 
 537152.21484375 3714567.5625 -15672.0087890625 
 537565.69140625 3714125.5 -14433.9169921875 
 537717.125 3714203.65625 -15651.9404296875 
 538277.59375 3713578.40625 -13927.724609375 
 537855.6875 3713535.34375 -11642.375 
 538391.140625 3713628.875 -14796.630859375 
 539265.89453125 3712897.46875 -14517.787109375 
 538281.5390625 3713838.125 -15642.365234375 
 538715.9453125 3713516.125 -15603.369140625 
 539150.328125 3713194.15625 -15564.375 
 539574.8359375 3712765.125 -15557.162109375 
 540001.9765625 3712339.125 -15537.1865234375 
 540082.10546875 3711915.6875 -14441.8681640625 
 540411.0625 3711814.09375 -15568.5517578125 
 539541.7734375 3712456.25 -13554.87109375 
 540031.74609375 3711644.40625 -13284.021484375 
 541047.12890625 3710900.09375 -14117.6953125 
 539619.2109375 3712177.875 -12559.41796875 
 538960.29296875 3712884.65625 -12852.9248046875 
 539928.984375 3711514.46875 -12303.83984375 
 539372.6796875 3712365.625 -12090.44921875 
 541311.265625 3710529.125 -12945.1591796875 
 540553.1796875 3710847.78125 -11617.0830078125 
 541644.734375 3710486.53125 -13834.8369140625 
 541883.62109375 3710485.90625 -14694.822265625 
 541962.57421875 3710241.71875 -13163.3056640625 
 541753.203125 3710247.625 -12449.578125 
 542320.7578125 3710105.5625 -13798.7216796875 
 542355.0859375 3709851.5 -12654.748046875 
 543264.9921875 3709358.65625 -14672.9638671875 
 542459.5390625 3710354.875 -15803.525390625 
 542866.68359375 3709415.09375 -13005.4951171875 
 544038.1796875 3708557.625 -13994.74609375 
 542551.5234375 3709506.09375 -11865.658203125 
 543126.22265625 3708986 -11931.443359375 
 541992.8671875 3710043.90625 -11800.900390625 
 541576.4453125 3710239.5 -11749.701171875 
 541160.0078125 3710435.125 -11698.5 
 543713.3671875 3708479.65625 -11998.0234375 
 544361.5234375 3708122.4375 -13059.59765625 
 544099.5546875 3708158.15625 -12011.236328125 
 545475.80078125 3707185.09375 -14015.060546875 
 544684.48828125 3708172.6875 -14889.5185546875 
 545222.67578125 3707187.34375 -12691.3583984375 
 544485.7421875 3707836.65625 -12024.44921875 
 546121.57421875 3706382.71875 -13149.1552734375 
 545804.0546875 3706434.40625 -12024.05859375 
 546297.78125 3706532.65625 -14858.0078125 
 546862.23828125 3705991.0625 -13964.9208984375 
 545611.5703125 3707446.5 -16026.87890625 
 546270.7265625 3706745.375 -16026.68359375 
 544952.4140625 3708147.625 -16027.07421875 
 544566.2265625 3708469.125 -16013.861328125 
 544180.0390625 3708790.625 -16000.6484375 
 543592.89453125 3709296.96875 -15934.068359375 
 543018.1953125 3709817.0625 -15868.283203125 
 546617.6328125 3706482.25 -16001.2724609375 
 547051.41015625 3706090.75 -15400.5380859375 
 546964.5390625 3706219.125 -15975.861328125 
 546783.47265625 3706171.0625 -14863.5703125 
 547311.859375 3705879.75 -14907.97265625 
 548877.703125 3705670.03125 -14172.2001953125 
 548784.37109375 3705607.84375 -13371.67578125 
 548971.0390625 3705732.25 -14972.7265625 
 548338.43359375 3705855.71875 -15859.28125 
 549064.375 3705794.4375 -15773.25 
 547607.3515625 3705861.375 -15916.0556640625 
 547285.94140625 3706040.25 -15945.958984375 
 547116.88671875 3705712 -12967.4677734375 
 548691.0390625 3705545.65625 -12571.150390625 
 546604.796875 3706014.09375 -13100.97265625 
 546733.36328125 3705858.125 -12525.91015625 
 546150.9609375 3706171.28125 -11998.6474609375 
 546497.8671875 3705908.15625 -11973.236328125 
 546819.2734375 3705729.28125 -11943.333984375 
 547140.6796875 3705550.40625 -11913.4306640625 
 547871.765625 3705544.75 -11856.6552734375 
 548597.703125 3705483.46875 -11770.625 
 545144.8984375 3707135.53125 -12024.25390625 
 542043.12109375 3710550.46875 -15752.3271484375 
 541626.6796875 3710746.09375 -15701.125 
 541035.98828125 3711030.8125 -14888.4130859375 
 541225.3828125 3711019 -15647.2841796875 
 540824.1015625 3711291.875 -15593.4443359375 
 539943.421875 3711260.8125 -11570 
 539768.46484375 3711631.34375 -11554.375 
 539593.5078125 3712001.875 -11538.75 
 539403.66796875 3712220.9375 -11547.6875 
 539213.828125 3712440 -11556.625 
 538547.16796875 3713004.34375 -11578.638671875 
 537087.65625 3714018.125 -11657.8671875 
 536328.05078125 3714511.28125 -11706.4169921875 
 535475.54296875 3715238.03125 -12309.2431640625 
 535591.640625 3715039.90625 -11726.375 
 535262.9453125 3715317.46875 -11725.25 
 518682.95703125 3727228.46875 -12109.435546875 
 518090.1796875 3727718.3125 -12169.625 
 517435.744140625 3728318.140625 -12199.57421875 
 517496.294921875 3728901.140625 -14132.9287109375 
 516776.46875 3728911.53125 -12245.4052734375 
 518075.38671875 3729060.734375 -16211.5283203125 
 516991.375 3729713.765625 -15028.6513671875 
 518680.345703125 3728389.515625 -16153.5 
 516602.0859375 3729526.046875 -13464.89453125 
 517430.0546875 3729692.96875 -16262.7802734375 
 516843.3359375 3730382.296875 -16293.25 
 515701.755859375 3731056.78125 -15232.7333984375 
 516271.3203125 3730982.875 -16323.572265625 
 516088.9716796875 3730337.1875 -14313.392578125 
 515133.2919921875 3730874.328125 -13581.4677734375 
 515454.927734375 3730096.734375 -12304.20703125 
 514774.3544921875 3730666.9375 -12330 
 516120.4833984375 3729509.4375 -12277.8662109375 
 514302.52734375 3731151.828125 -12356.625 
 514083.11328125 3731739.390625 -13183.2744140625 
 513830.69921875 3731636.71875 -12383.25 
 514335.52734375 3731842.078125 -13983.2998046875 
 514587.94140625 3731944.734375 -14783.3212890625 
 514840.357421875 3732047.40625 -15583.3486328125 
 515684.0947265625 3731568.484375 -16353.5234375 
 515092.7734375 3732150.078125 -16383.375 
 529258.962890625 3718182.25 -1742.3326416015625 
 529191.384765625 3718541.96875 -3208.200927734375 
 530879.927734375 3717057 -2792.397216796875 
 530621.521484375 3717624.0625 -4501.7431640625 
 530261.673828125 3717263.65625 -1094.863525390625 
 528059.548828125 3719093.96875 -1821.47265625 
 527724.177734375 3719699.4375 -3097.24853515625 
 528261.3359375 3718576.84375 -196.14031982421875 
 527450.224609375 3719393.875 -771.3663330078125 
 529454.453125 3717661.625 52.486129760742188 
 528997.21875 3717691.96875 1439.1195068359375 
 530887.830078125 3716604.9375 24.209857940673828 
 531376.32421875 3716520.75 -1568.67578125 
 529720.310546875 3717189.40625 1408.503662109375 
 530447.126953125 3716691.28125 1395.8629150390625 
 531173.8046875 3716193.125 1377.9644775390625 
 531895.140625 3715688.5 1343.8143310546875 
 532306.78125 3715727.8125 -836.9029541015625 
 532609.982421875 3715175.90625 1291.177978515625 
 532362.353515625 3716029.46875 -3035.08544921875 
 533372.5234375 3715083.46875 -1604.979736328125 
 532009.4140625 3716555.96875 -4686.033203125 
 533387.84375 3715501.03125 -4347.64453125 
 531947.736328125 3716822.875 -6044.9091796875 
 530293.12890625 3718122.875 -5643.2490234375 
 533023.37890625 3716093.4375 -6528.6669921875 
 533831.4765625 3715403 -5649.826171875 
 532572.91796875 3716715.875 -8396.5693359375 
 534206.8046875 3715522.65625 -8063.40673828125 
 531472.5625 3717473.96875 -7930.703125 
 532123.330078125 3717314.125 -9940.623046875 
 531028.53125 3717686.9375 -6603.8505859375 
 530473.193359375 3718361.65625 -7509.7607421875 
 529765.173828125 3718832.28125 -6581.30810546875 
 529079.89453125 3719006.90625 -5022.06982421875 
 528682.2578125 3719572.4375 -6201.8544921875 
 528180.34375 3719572.4375 -4295.50341796875 
 527310.28125 3720454.78125 -4661.03271484375 
 527703.08203125 3720510.1875 -6397.7802734375 
 526650.353515625 3720669.75 -3021.872802734375 
 527025.658203125 3720047.21875 -1878.8270263671875 
 526064.140625 3721295.28125 -4407.70361328125 
 525380.857421875 3721330.5625 -2689.810302734375 
 526688.0390625 3721355.78125 -6603.1953125 
 525707.427734375 3721789.375 -5811.04638671875 
 527361.439453125 3721229.25 -8161.4140625 
 528408.05078125 3720242.4375 -7978.9697265625 
 526131.009765625 3721849 -7716.36474609375 
 526052.4453125 3722422 -9694.634765625 
 524509.984375 3723028.5 -6737.208984375 
 524912.31640625 3723004 -8063.18505859375 
 524235.419921875 3722907.03125 -5202.58154296875 
 523359.01953125 3723622.3125 -6274.81298828125 
 524899.533203125 3722091.25 -3859.27490234375 
 523663.3984375 3722998.40625 -3925.346923828125 
 523789.251953125 3722677.4375 -2562.261962890625 
 524915.494140625 3721440 -1299.10546875 
 523185.900390625 3722715.1875 -856.17596435546875 
 526007.083984375 3720818.1875 -1672.303955078125 
 525186.767578125 3720999.28125 -242.24855041503906 
 524450.12890625 3721581.34375 -31.733474731445312 
 526519.083984375 3720216.9375 -639.41650390625 
 525854.537109375 3720528.3125 286.45965576171875 
 526906.51953125 3719624.53125 331.34100341796875 
 527817.087890625 3718752.4375 598.154541015625 
 527015.994140625 3719253.375 1468.9501953125 
 528275.857421875 3718196.59375 1478.484375 
 527910.880859375 3718483.875 1481.6796875 
 527545.90234375 3718771.15625 1484.875 
 526490.21875 3719740 1449.4718017578125 
 525966.943359375 3720229.1875 1427.8748779296875 
 525385.291015625 3720616.96875 1369.8505859375 
 524693.919921875 3721189.375 573.549560546875 
 524767.0625 3720938 1289.254150390625 
 524136.37109375 3721559.3125 1291.25 
 523435.6640625 3722108.90625 1291.399169921875 
 524451.716796875 3721248.65625 1290.2520751953125 
 522754.53125 3722681.5625 1279.3048095703125 
 522514.044921875 3723233.84375 -444.87783813476562 
 522004.1171875 3723432.75 324.61859130859375 
 522309.3984375 3723582.1875 -2192.2255859375 
 521706.8203125 3723687.6875 -535.5889892578125 
 520991.125 3724258 -1705.82666015625 
 521299.70703125 3723692.4375 1184.25 
 520303.951171875 3724661.96875 -436.33236694335938 
 521696.115234375 3723484.59375 1219.7501220703125 
 522092.51953125 3723276.75 1255.25 
 520584.96875 3724255.4375 1220.0889892578125 
 519289.548828125 3725464.90625 -1718.014404296875 
 518344.841796875 3725971.09375 -511.1240234375 
 520709.521484375 3724647 -3120.0185546875 
 519131.505859375 3725767 -3786.24609375 
 521971.298828125 3723926.65625 -3689.921875 
 520763.939453125 3724839.25 -5270.0048828125 
 522951.408203125 3723712.6875 -4897.47900390625 
 521951.00390625 3724164.1875 -6004.005859375 
 522656.69140625 3724037.25 -7382.35009765625 
 523743.263671875 3723579.5 -7604.943359375 
 521808.171875 3724399.375 -7788.544921875 
 520840.52734375 3724959.5 -6910.900390625 
 522931.857421875 3724073.46875 -8350.7353515625 
 522065.3125 3724384.5625 -8763.8251953125 
 522814.123046875 3724203.15625 -9343.775390625 
 521242.48046875 3724821.59375 -8505.95703125 
 522125.341796875 3724457.46875 -9721.970703125 
 520286.951171875 3725434.25 -7939.14111328125 
 519553.939453125 3725771.6875 -6715.0146484375 
 520107.7890625 3725713.40625 -9876.8056640625 
 521116.267578125 3725097.9375 -10126.5068359375 
 519260.02734375 3726131.625 -8179.47412109375 
 519141.8671875 3726401.78125 -10094.8955078125 
 518458.412109375 3726548.3125 -7040.17724609375 
 518568.546875 3726341.65625 -5678.279296875 
 517628.28515625 3727159.125 -7960.7099609375 
 518278.439453125 3726873 -9135.0947265625 
 517239.75390625 3727191.9375 -5850.9208984375 
 516088.25 3727875.734375 -6700.7177734375 
 517764.154296875 3726770.15625 -4690.5751953125 
 516209.123046875 3727650.09375 -4735.4169921875 
 515451.005859375 3728078.765625 -5639.79052734375 
 517429.25390625 3726854.5 -3393.298095703125 
 516073.341796875 3727551.34375 -2760.804443359375 
 518011.037109375 3726344.09375 -2012.733154296875 
 516742.4921875 3727066.25 -1331.6378173828125 
 517038.5703125 3726793.34375 -250.64564514160156 
 515398.875 3727755.71875 -1268.4132080078125 
 517804.3671875 3726186.90625 945.54449462890625 
 517111.96484375 3726645.125 891.375 
 518490.32421875 3725723.75 1028.8594970703125 
 519159.80859375 3725242.75 1141.0772705078125 
 519864.85546875 3724812.25 1234 
 516687.630859375 3726897.75 843.93756103515625 
 516263.294921875 3727150.375 796.5 
 515445.3759765625 3727570.65625 792.12847900390625 
 514455.64453125 3728128.734375 -147.79252624511719 
 514610.212890625 3727951.890625 739.6875 
 514087.9052734375 3728424.890625 -934.50799560546875 
 513782.5947265625 3728453.78125 719.99993896484375 
 514597.3916015625 3728267.125 -2530.376220703125 
 513395.3779296875 3728996.453125 -2078.716552734375 
 514769.4765625 3728320.078125 -4199.17919921875 
 513091.4267578125 3729355.671875 -3456.246337890625 
 514376.6435546875 3728708.546875 -5783.74267578125 
 513513.0947265625 3729193.796875 -4786.9814453125 
 515131.19921875 3728436.75 -7764.376953125 
 513838.9228515625 3729264.984375 -7692.2470703125 
 516169.306640625 3728006.484375 -8810.7587890625 
 514458.8623046875 3729042 -9645.1552734375 
 516152.958984375 3728163.140625 -10694.0107421875 
 513460.896484375 3729665.734375 -8943.6796875 
 512381.693359375 3730422.578125 -8575.4697265625 
 513220.2958984375 3730008.171875 -10575.77734375 
 514587.4248046875 3729093.109375 -11012.697265625 
 512273.83203125 3730653.3125 -9956.7001953125 
 511981.96484375 3730979.140625 -11181.306640625 
 511267.0478515625 3731215.9375 -8838.0146484375 
 511154.21484375 3731158.046875 -7498.93505859375 
 511224.14453125 3731373.6875 -10222.212890625 
 509916.826171875 3732162.703125 -10042.25390625 
 510576.8330078125 3731864.90625 -11212.0615234375 
 510205.6923828125 3731802.015625 -8150.62255859375 
 508556.3310546875 3732908.5 -8738.5947265625 
 510787.828125 3731263.09375 -6237.00830078125 
 509522.08203125 3732052.890625 -6330.755859375 
 512101.5703125 3730453.453125 -6913.736328125 
 511301.9326171875 3730802.1875 -4884.328125 
 513340.3984375 3729483.265625 -6376.154296875 
 512496.591796875 3729986.265625 -5344.81103515625 
 512266.86328125 3730026 -4115.16259765625 
 511413.2373046875 3730579.515625 -3386.297119140625 
 510283.994140625 3731286.390625 -3225.7099609375 
 512273.607421875 3729740.09375 -1521.62841796875 
 511311.16015625 3730513.8125 -2047.8277587890625 
 512847.4345703125 3729223.171875 -523.343505859375 
 511566.203125 3730168.875 -565.08502197265625 
 513109.1201171875 3728912.25 672.3232421875 
 512444.970703125 3729386.390625 663.41754150390625 
 511788.6767578125 3729870.734375 642.12481689453125 
 511138.8544921875 3730363.359375 609 
 510451.9130859375 3730818.140625 603.8179931640625 
 510228.703125 3731164.90625 -1588.713623046875 
 509473.04296875 3731537.34375 -626.7490234375 
 509244.2197265625 3731869.546875 -2610.493896484375 
 509848.7255859375 3731668.4375 -4436.33447265625 
 508110.31103515625 3732741.421875 -4095.732421875 
 508199.5146484375 3732774.828125 -5024.3056640625 
 508288.71875 3732808.25 -5952.88037109375 
 508377.923828125 3732841.65625 -6881.45458984375 
 508467.126953125 3732875.078125 -7810.02099609375 
 508021.10693359375 3732708 -3167.15869140625 
 507931.9033203125 3732674.578125 -2238.592041015625 
 507842.69921875 3732641.171875 -1310.0185546875 
 507753.4951171875 3732607.75 -381.44473266601562 
 508354.4775390625 3732124.53125 555.1016845703125 
 507664.29150390625 3732574.328125 547.125 
 509051.095703125 3731685.046875 571.38134765625 
 509751.244140625 3731251.1875 588.54937744140625 
 508645.53515625 3732941.921875 -9667.16796875 
 508734.73828125 3732975.328125 -10595.734375 
 508823.9423828125 3733008.75 -11524.30859375 
 509603.33203125 3732592.375 -12444.90625 
 508913.146484375 3733042.171875 -12452.8828125 
 510299.9501953125 3732152.90625 -12428.6259765625 
 511000.1005859375 3731719.03125 -12411.4580078125 
 511700.76953125 3731285.984375 -12396.189453125 
 512387.7119140625 3730831.203125 -12391.0078125 
 513030.0966796875 3730344.203125 -12358.2626953125 
 513678.64453125 3729865.09375 -12336.7626953125 
 514334.869140625 3729395.828125 -12329.3203125 
 515084.44921875 3728889.484375 -12278.7470703125 
 515859.0712890625 3728419.734375 -12260.3203125 
 516694.216796875 3728038.5 -12207.8798828125 
 518011.8359375 3727218.21875 -11035.58984375 
 517512.150390625 3727618.25 -12203.5078125 
 517461.50390625 3727451.375 -10072.265625 
 519053.22265625 3726654.75 -12054.462890625 
 519739.173828125 3726191.5625 -11971.1494140625 
 518360.8203125 3727112.96875 -12108.6328125 
 517936.4765625 3727365.625 -12156.0712890625 
 520408.658203125 3725710.59375 -11858.9306640625 
 520881.138671875 3725326.125 -10721.6357421875 
 521203.1796875 3725160.8125 -11301.4443359375 
 521423.3046875 3724951.875 -10917.625 
 522193.873046875 3724511.96875 -10541.10546875 
 521611.072265625 3724903.3125 -11754.375 
 522170.693359375 3724589.9375 -11186.55859375 
 521362.3984375 3725091.6875 -11760.19140625 
 521113.7109375 3725280.09375 -11766.0078125 
 521969.3984375 3724744.03125 -11786.4990234375 
 522797.47265625 3724368.3125 -10907.373046875 
 522327.744140625 3724584.71875 -11818.625 
 522805.421875 3724289.4375 -10160.7734375 
 523421.1171875 3724190.84375 -10586.3076171875 
 523512.4375 3724085.90625 -9773.9150390625 
 523958.6171875 3723684.53125 -8805.6357421875 
 524664.041015625 3723603.3125 -10202.0810546875 
 524502.943359375 3723930.875 -11726.638671875 
 525087.9453125 3723666.375 -11708.52734375 
 523917.94921875 3724195.375 -11744.75 
 523122.064453125 3724384.875 -11796.1259765625 
 525779.5546875 3722923.28125 -10794.6796875 
 525611.42578125 3723255.78125 -11708.638671875 
 526483.466796875 3722240.84375 -10667.9609375 
 527490.26171875 3721601.96875 -10460.380859375 
 526222.724609375 3722612.1875 -11124.2333984375 
 526134.91015625 3722845.1875 -11708.75 
 526765.6015625 3722223.875 -11710.74609375 
 527383.83203125 3721902.84375 -11630.1494140625 
 526450.251953125 3722534.53125 -11709.748046875 
 527965.484375 3721515.0625 -11572.125 
 528594.908203125 3720651.84375 -10406.4990234375 
 528488.7578125 3721025.875 -11550.5283203125 
 527934.94921875 3721037.4375 -9473.9609375 
 529566.12890625 3719687.875 -9861.8564453125 
 529544.44140625 3720057.03125 -11515.125 
 530006.900390625 3719506.875 -10645.0625 
 529014.53125 3720539.25 -11531.0498046875 
 529909.41796875 3719769.75 -11518.3203125 
 530313.654296875 3719056.25 -9830.5966796875 
 530999.654296875 3718399.625 -10071.4609375 
 529774.904296875 3719181.6875 -8258.291015625 
 530738.833984375 3718367.15625 -8742.4794921875 
 531954.505859375 3717712.90625 -11601 
 532502.240234375 3717289.34375 -11614.4375 
 531408.33984375 3718316.375 -11589.333984375 
 530842.88671875 3718900.90625 -11557.0458984375 
 530274.3984375 3719482.46875 -11521.515625 
 533328.2421875 3716455.90625 -10208.77734375 
 533049.9609375 3716865.75 -11627.875 
 534180.0546875 3715754.15625 -9422.0234375 
 534988.3828125 3715320.96875 -10419.4873046875 
 535211.3359375 3714913.71875 -9168.64453125 
 535433.00390625 3714510.40625 -7795.02734375 
 535825.85546875 3714599.03125 -10092.2724609375 
 535367.78125 3715105.65625 -11021.064453125 
 536230.375 3714150.875 -8950.34375 
 537284.67578125 3713553.4375 -9401.0537109375 
 536507.23046875 3713734.375 -7363.95361328125 
 536320.953125 3713644.875 -5985.84912109375 
 534669.1171875 3714928.90625 -6637.1259765625 
 537613.73046875 3712775.53125 -5990.970703125 
 536785.3984375 3713055.96875 -4048.9248046875 
 537669.390625 3713000.5 -7591.9404296875 
 538727.79296875 3711934.59375 -6680.01171875 
 537996.48046875 3712987.09375 -8988.5 
 538031.85546875 3713195.96875 -10401.541015625 
 538359.53125 3712559.84375 -8158.322265625 
 538772.87109375 3712360.28125 -9042.48046875 
 539078.24609375 3711884 -8289.3232421875 
 539493.296875 3710869.03125 -6895.3662109375 
 540121.6015625 3710632.21875 -8049.85595703125 
 538469.65625 3711875.9375 -5053.78173828125 
 539951.73828125 3710371.3125 -5740.38818359375 
 539298.1328125 3710522.90625 -3992.939453125 
 540796.80078125 3709998.09375 -6894.70166015625 
 540938.9453125 3709647.9375 -5388.517578125 
 541496.5703125 3709743.75 -8470.4248046875 
 540586.6484375 3710448.625 -9005.0615234375 
 542127.8125 3709117.46875 -7484.46923828125 
 542841.1640625 3708800.53125 -9454.1982421875 
 541797.77734375 3709177.5 -6196.654296875 
 543562.33203125 3707681.375 -6677.13916015625 
 542416.0078125 3708431 -5293.2646484375 
 543076.56640625 3708335.46875 -7995.18115234375 
 544605.765625 3707039.59375 -8683.4501953125 
 543735.39453125 3708002.03125 -9356.6162109375 
 543478.4296875 3708403.78125 -10392.787109375 
 545155.1875 3706719.0625 -10000.2548828125 
 544204.83984375 3707834.78125 -10658.7548828125 
 545620.60546875 3706105.15625 -9163.7998046875 
 545822.0390625 3706216.78125 -10771.3681640625 
 544814.40625 3706544.78125 -7321.4326171875 
 545821.5859375 3705583.6875 -6885.11962890625 
 544620.28125 3706461.0625 -5873.1953125 
 543344.28125 3707560.09375 -4927.69580078125 
 546094.78125 3705156.28125 -4991.453125 
 546678.0625 3705116.21875 -6108.7197265625 
 544756.25 3705969.65625 -4142.45166015625 
 545875.5625 3705017.1875 -3134.5078125 
 544010.79296875 3706647.59375 -3568.843994140625 
 544459.5390625 3705911.28125 -2275.982421875 
 543199.9375 3707376.625 -3175.98046875 
 543725.8515625 3706726.03125 -2447.70654296875 
 542618.83203125 3708030.96875 -4047.287353515625 
 542321.5234375 3708074.78125 -2850.169921875 
 541147.35546875 3709252.78125 -4190.33447265625 
 540088.75 3709805.125 -2453.239013671875 
 541545.7109375 3708659.84375 -2202.43798828125 
 538911.2734375 3710709.78125 -2440.518798828125 
 538990.54296875 3710229.90625 -696.34381103515625 
 538189.66796875 3711792.21875 -3197.828369140625 
 538163.703125 3711440.3125 -1352.818115234375 
 536966.1875 3712604.09375 -2029.6075439453125 
 537936.73046875 3711355.375 242.42721557617188 
 539006.078125 3710044.625 355.13839721679688 
 537171.9921875 3712177.625 -318.962646484375 
 536627.38671875 3712449.34375 447.30267333984375 
 536269.3828125 3712960.21875 -1266.543212890625 
 536066.23828125 3713260.125 -2376.625732421875 
 535374.76953125 3713559.46875 -1452.078125 
 535205.546875 3713878.40625 -2866.510498046875 
 535791.6953125 3713753.3125 -4484.83056640625 
 534522.70703125 3714181.5 -1612.3072509765625 
 534743.265625 3713841.25 -637.31097412109375 
 534031.859375 3714804.75 -2880.822998046875 
 534749.03125 3714428.4375 -4139.14306640625 
 535185.08203125 3714311.75 -5476.98095703125 
 533769.84375 3714565.59375 -257.11053466796875 
 533327.5390625 3714664.65625 1274.43115234375 
 533953.75 3714148.25 1273.643798828125 
 534996.87890625 3713526.9375 338.13931274414062 
 534587.375 3713641 1278.4901123046875 
 535153.67578125 3713281.6875 1327.9910888671875 
 535718.58984375 3712917.78125 1348.0594482421875 
 535606.65625 3713263.78125 -451.69671630859375 
 536283 3712552.25 1357.63525390625 
 536717.40234375 3712230.25 1396.6307373046875 
 537151.7890625 3711908.28125 1435.625 
 537576.296875 3711479.25 1442.837646484375 
 538003.4375 3711053.25 1462.8138427734375 
 538412.51953125 3710528.21875 1431.4488525390625 
 538825.5625 3710006 1406.5552978515625 
 539226.84375 3709733.125 1352.716064453125 
 539801.078125 3709499.75 482.46060180664062 
 540186.97265625 3709423.0625 -253.42166137695312 
 539628.140625 3709460.21875 1298.875 
 540044.5625 3709264.625 1247.6754150390625 
 540461 3709069 1196.4742431640625 
 541019.65625 3708531.1875 1131.716552734375 
 541341.5078125 3708492.46875 -333.25091552734375 
 540691.91015625 3709261.875 -1439.2835693359375 
 541594.3515625 3708011.09375 1065.9320068359375 
 542181.5 3707504.75 999.35107421875 
 542829.1328125 3707148.3125 -55.413745880126953 
 542567.6875 3707183.25 986.1383056640625 
 542505.05078125 3707584.125 -982.734619140625 
 543290.30078125 3706897.71875 -992.53033447265625 
 542903.5078125 3707440.46875 -2059.20947265625 
 543973.51953125 3706266.4375 -1468.580322265625 
 543856.48046875 3706191.03125 -471.0098876953125 
 544341.93359375 3705721.71875 -705.62890625 
 543613.03125 3706160.625 973.12109375 
 544272.1875 3705459.5 973.31671142578125 
 542953.875 3706861.75 972.92547607421875 
 544583.62109375 3705404.1875 -113.72548675537109 
 544619.09375 3705196.375 998.727783203125 
 545198.87890625 3704881.46875 486.26370239257812 
 545071.49609375 3705036.34375 -91.53204345703125 
 544966 3704933.25 1024.1387939453125 
 545287.40625 3704754.375 1054.041748046875 
 545608.8125 3704575.5 1083.944580078125 
 545579.484375 3704733.46875 62.751289367675781 
 546338.14453125 3704570.25 1140.6583251953125 
 545382.79296875 3704977.40625 -922.39544677734375 
 547281.703125 3704650.8125 -628.83935546875 
 544886.8515625 3705265.875 -653.97509765625 
 544880.24609375 3705422.8125 -1586.658447265625 
 545818.625 3704888.6875 -1988.117431640625 
 547391.37109375 3704720.1875 -1557.320556640625 
 547501.03515625 3704789.59375 -2485.803466796875 
 547610.703125 3704858.96875 -3414.284912109375 
 547720.37109375 3704928.375 -4342.76904296875 
 547830.03515625 3704997.75 -5271.25 
 547939.69921875 3705067.125 -6199.73095703125 
 548049.3671875 3705136.53125 -7128.21484375 
 546794.5625 3705308.34375 -8683.818359375 
 548159.03515625 3705205.90625 -8056.69677734375 
 548268.703125 3705275.28125 -8985.1796875 
 546763.73046875 3705527.125 -10272.578125 
 548378.3671875 3705344.6875 -9913.6611328125 
 546546.51171875 3705760.3125 -11100.228515625 
 545902.125 3706261.125 -11410.1259765625 
 547039.41015625 3705469.84375 -10837.326171875 
 546916.34765625 3705606.6875 -11441.1640625 
 548488.03515625 3705414.09375 -10842.1435546875 
 547871.765625 3705544.75 -11856.65625 
 548597.703125 3705483.46875 -11770.625 
 547140.68359375 3705550.40625 -11913.4306640625 
 546819.2734375 3705729.28125 -11943.3330078125 
 546497.8671875 3705908.15625 -11973.236328125 
 546150.9609375 3706171.28125 -11998.6474609375 
 545804.0546875 3706434.40625 -12024.05859375 
 545234.44921875 3706860.46875 -11126.7646484375 
 545144.8984375 3707135.53125 -12024.25390625 
 544485.7421875 3707836.65625 -12024.44921875 
 543858.140625 3708229.40625 -11256.734375 
 544099.5546875 3708158.15625 -12011.236328125 
 543713.3671875 3708479.65625 -11998.0234375 
 543126.22265625 3708986 -11931.4423828125 
 542801.38671875 3709042.75 -10630.74609375 
 542551.51953125 3709506.09375 -11865.658203125 
 541849.671875 3709840.625 -10124.6845703125 
 541992.8671875 3710043.90625 -11800.900390625 
 541017.6171875 3710287.625 -9980.8154296875 
 541402.578125 3710178.21875 -10851.9033203125 
 540226.70703125 3710833.375 -9945.697265625 
 540553.17578125 3710847.78125 -11617.08203125 
 539432.83203125 3711633.375 -9183.98046875 
 539570.765625 3711608.4375 -10078.533203125 
 539097.3671875 3712216.09375 -9915.763671875 
 538476.40234375 3712769.1875 -9838.0556640625 
 539390.46484375 3712052.90625 -10706.244140625 
 538889.79296875 3712530.28125 -10523.50390625 
 539780.73046875 3711378.75 -10807.1416015625 
 539593.5078125 3712001.875 -11538.75 
 539943.421875 3711260.8125 -11570 
 539768.46484375 3711631.34375 -11554.375 
 539249.9453125 3712298.65625 -11096.9521484375 
 539403.66796875 3712220.9375 -11547.6875 
 539213.828125 3712440 -11556.625 
 538547.16796875 3713004.34375 -11578.638671875 
 537855.6875 3713535.34375 -11642.375 
 537087.66015625 3714018.125 -11657.8671875 
 536328.05078125 3714511.28125 -11706.4169921875 
 535591.640625 3715039.90625 -11726.375 
 535262.96484375 3715317.4375 -11725.25 
 534934.265625 3715595 -11724.125 
 534308.84375 3716023.53125 -11705.98828125 
 533680.0078125 3716445.75 -11670.0751953125 
 541160.0078125 3710435.125 -11698.5 
 541576.4296875 3710239.53125 -11749.69921875 
 547172.03515625 3704581.40625 299.64410400390625 
 547062.3671875 3704512.03125 1228.125 
 514196.400390625 3728202.84375 729.8436279296875 
 519598.724609375 3725591.34375 -5098.74365234375 
 568612.2890625 3692385.8125 -15230.9599609375 
 567163.6953125 3693233.25 -14692.572265625 
 567522.203125 3693069.125 -16786.228515625 
 566787.6328125 3693488.34375 -16774.416015625 
 568256.8046875 3692649.9375 -16794.98828125 
 568121.375 3692614.34375 -13905.443359375 
 569282.0703125 3691867.3125 -13846.1220703125 
 567380.359375 3693004.46875 -12797.8759765625 
 565794.3984375 3693976.75 -13243.83984375 
 569194.53125 3691823.28125 -12219.5634765625 
 568176.8046875 3692474.3125 -11132.05859375 
 570471.4609375 3691013.5 -12818.5859375 
 570752.6171875 3690984.75 -14864.60546875 
 570111.28125 3691112.65625 -11064.6015625 
 571159.8359375 3690355.5625 -11198.1728515625 
 568753.2265625 3692012.3125 -9741.57421875 
 570370.2890625 3690859.3125 -9792.935546875 
 567610.421875 3692711.15625 -8916.673828125 
 566549.234375 3693486.40625 -9652.0830078125 
 568633.796875 3692037.78125 -8422.546875 
 569700.8125 3691269.21875 -8729.1337890625 
 567508.0078125 3692704.46875 -6620.4921875 
 566849.9453125 3693277.9375 -7798.69140625 
 568910.4609375 3691716.9375 -7167.88623046875 
 568671.0234375 3691853.5 -5931.1630859375 
 570611.5703125 3690470.40625 -7206.7880859375 
 570942.984375 3690320.21875 -8731.783203125 
 569634.9453125 3691089.0625 -5639.115234375 
 571270.1328125 3689720.375 -5377.57373046875 
 568196.546875 3692204.8125 -4809.35107421875 
 569587.5234375 3690980.625 -3691.9814453125 
 567060.71875 3693025.5 -5254.4111328125 
 566946.5234375 3693048.71875 -3054.914306640625 
 565889.015625 3693802.6875 -6518.0439453125 
 565404.9765625 3694047.34375 -5336.2333984375 
 566103.9921875 3693637.28125 -4318.7646484375 
 564258.671875 3694534.96875 -5709.35546875 
 565047.0546875 3694232.40625 -7405.45947265625 
 564858.99609375 3694269.46875 -3817.309326171875 
 563466.72265625 3694778.21875 -3859.31787109375 
 565811.3828125 3693779.4375 -3031.752685546875 
 564422.71484375 3694444.5 -2410.64404296875 
 566117.7265625 3693579.75 -1755.4239501953125 
 564935.57421875 3694200.96875 -1130.9169921875 
 567483.0703125 3692559.28125 -1404.593994140625 
 566123.1015625 3693556.90625 -734.2850341796875 
 568220.890625 3692062.03125 -2813.237548828125 
 568823.84375 3691443.28125 -1403.1082763671875 
 570174.6953125 3690367.4375 -1936.5909423828125 
 569750.34375 3690542.15625 187.53242492675781 
 570675.5390625 3690131.40625 -4124.02392578125 
 571517.2265625 3689308.53125 -3280.583740234375 
 571436.84375 3689214.40625 -1487.4005126953125 
 572033.4609375 3688987.53125 -4507.6953125 
 572342.8515625 3688547.875 -2722.67919921875 
 573035.0390625 3688172.03125 -4056.966796875 
 572779.6875 3688121.375 -1630.75 
 572331.390625 3688280.6875 183.92999267578125 
 573364.21875 3687828.5 -2803.66162109375 
 574283.0546875 3687002.03125 -1548.6529541015625 
 574510.7265625 3687061.0625 -3437.540283203125 
 574624.5703125 3687090.5625 -4381.98388671875 
 574396.890625 3687031.53125 -2493.09619140625 
 573684.96875 3687856.9375 -5139.119140625 
 572906.6875 3688465.78125 -5980.88330078125 
 574738.40625 3687120.0625 -5326.42724609375 
 574852.2421875 3687149.59375 -6270.87158203125 
 573850.53125 3687920.625 -6844.82763671875 
 574966.0859375 3687179.09375 -7215.31494140625 
 572994.9296875 3688563.15625 -7616.03271484375 
 571909.984375 3689284.1875 -6566.5869140625 
 573540.765625 3688284.53125 -8786.7490234375 
 575079.921875 3687208.59375 -8159.75830078125 
 572470.953125 3689062.3125 -9287.8681640625 
 573302.75 3688643.59375 -10721.4912109375 
 571996.8984375 3689341.8125 -7981.76708984375 
 571603.2890625 3689858.53125 -10075.88671875 
 572280.4609375 3689398.59375 -11138.23828125 
 573982.1875 3688381.125 -12566.8125 
 574352.1875 3688045.40625 -11317.3876953125 
 572795.7734375 3689166.0625 -13084.7109375 
 573458.65625 3688857.84375 -14171.767578125 
 571766.9765625 3689915.4375 -12264.796875 
 571429.578125 3690348.96875 -13719.2138671875 
 571917.0625 3690087.4375 -15570.6728515625 
 571177.2109375 3690859.28125 -16812.75 
 572424.8203125 3689584.59375 -14493.7275390625 
 573095.8125 3689201 -15557.6640625 
 574352.4921875 3688394.15625 -15008.5224609375 
 574145.0078125 3688681.625 -16801.861328125 
 574629.2734375 3688107.75 -13720.5205078125 
 575876.796875 3687415.15625 -14770.8623046875 
 575649.125 3687356.125 -12881.9755859375 
 575535.28125 3687326.625 -11937.5322265625 
 575762.9609375 3687385.65625 -13826.419921875 
 575421.4453125 3687297.125 -10993.08984375 
 574191.359375 3688010.5625 -9936.251953125 
 575307.6015625 3687267.59375 -10048.64453125 
 575193.765625 3687238.09375 -9104.2021484375 
 575990.640625 3687444.6875 -15715.3076171875 
 575462.15625 3687881.0625 -16717.1875 
 576104.4765625 3687474.1875 -16659.75 
 574819.8359375 3688287.9375 -16774.625 
 573473.5390625 3689081.40625 -16813.583984375 
 572805.7890625 3689487.84375 -16808.25 
 572251.421875 3689931.34375 -16809.54296875 
 571707.828125 3690387.625 -16811.03125 
 570447.8046875 3691315.15625 -16810.267578125 
 569743.6171875 3691674.5 -15451.822265625 
 569719.2890625 3691772.46875 -16807.208984375 
 568991.4140625 3692230.75 -16803.75 
 573322.078125 3687641.15625 -774.56500244140625 
 574169.21875 3686972.5 -604.2088623046875 
 572908.0078125 3687835.3125 217.92581176757812 
 573482.0546875 3687389.25 275.74893188476562 
 574055.375 3686943 340.23312377929688 
 571684.15625 3688843.78125 189.90922546386719 
 571040.2421875 3689410.65625 190.79716491699219 
 570396.921875 3689978.25 189.27774047851562 
 569101.25 3691103.09375 190.38687133789062 
 568457.5078125 3691670.1875 193.29525756835938 
 567814.671875 3692238.34375 196.21290588378906 
 567127.4140625 3692797.875 206.30575561523438 
 566440.1328125 3693357.4375 216.39891052246094 
 565815.6875 3693713.8125 227.55104064941406 
 565191.265625 3694070.15625 238.70283508300781 
 564420.7734375 3694421.125 -529.3800048828125 
 564677.07421875 3694297.75 240.841796875 
 564092.8359375 3694559.3125 -1419.4627685546875 
 563189.0078125 3694850.375 -1277.501953125 
 563522.4140625 3694748.84375 -2188.899658203125 
 561793.05859375 3695183 -3476.11376953125 
 561840.9375 3695173.9375 -4420.55712890625 
 561745.18359375 3695192 -2531.6708984375 
 561697.30078125 3695201.0625 -1587.2237548828125 
 561649.41796875 3695210.09375 -642.78057861328125 
 562872.390625 3694942.25 250.67732238769531 
 562236.96484375 3695080.6875 276.17108154296875 
 563517.640625 3694733.78125 246.82902526855469 
 564162.8828125 3694525.34375 242.98077392578125 
 561601.5390625 3695219.125 301.66433715820312 
 563144.33203125 3694890.9375 -5122.88671875 
 561888.81640625 3695164.90625 -5365.00439453125 
 563223.53125 3694874.59375 -6471.66162109375 
 563851.60546875 3694679.53125 -7625.6630859375 
 561936.69921875 3695155.875 -6309.447265625 
 561984.578125 3695146.84375 -7253.890625 
 562032.453125 3695137.8125 -8198.337890625 
 563397.3828125 3694839.375 -9544.5380859375 
 562080.33203125 3695128.78125 -9142.7802734375 
 564508.12890625 3694475.53125 -8817.3173828125 
 564436.953125 3694509.5625 -10434.748046875 
 565723.8671875 3693934.8125 -8470.0625 
 565418.578125 3694097.625 -9711.0595703125 
 566324.0390625 3693643.78125 -11136.7958984375 
 565322.5078125 3694168.96875 -11947.6005859375 
 564077.16796875 3694638.84375 -12348.4599609375 
 564244.453125 3694595.25 -13884.6904296875 
 562271.84765625 3695092.625 -12920.5615234375 
 565280.8671875 3694226.25 -14965.95703125 
 566241.96875 3693762.625 -14849.384765625 
 564063.12109375 3694664.28125 -15418.7822265625 
 565024.7109375 3694362.71875 -16757.01953125 
 562367.60546875 3695074.5625 -14809.447265625 
 562415.48828125 3695065.53125 -15753.89453125 
 562319.7265625 3695083.59375 -13865.00390625 
 563098.79296875 3694918.0625 -16723.828125 
 562463.3671875 3695056.5 -16698.3359375 
 563734.21875 3694779.625 -16749.322265625 
 564379.47265625 3694571.15625 -16753.171875 
 565795.5625 3694009.125 -15797.5810546875 
 565538.8984375 3694135.125 -16759.158203125 
 566053.09375 3693907.53125 -16761.296875 
 562223.96875 3695101.65625 -11976.1142578125 
 563441.015625 3694835.34375 -11221.08984375 
 562176.08984375 3695110.71875 -11031.6708984375 
 562128.2109375 3695119.75 -10087.2236328125 
 580657.6640625 3682909.65625 -6423.0654296875 
 581273.6953125 3682644.4375 -5008.69921875 
 581823.234375 3682405.53125 -6731.34228515625 
 582370.75 3682171.15625 -5557.78857421875 
 580184.90625 3683205.46875 -7604.447265625 
 579762.359375 3683431.6875 -5635.4833984375 
 580245.8671875 3683168.71875 -3889.56884765625 
 578650.953125 3683956.25 -6959.810546875 
 578720.109375 3683969.71875 -8767.810546875 
 578309.671875 3684106.1875 -5208.2177734375 
 577172.515625 3684713.75 -6252.06396484375 
 579203.2890625 3683644.75 -4434.45166015625 
 577527.6015625 3684426.6875 -3777.9150390625 
 578908.0234375 3683741.8125 -3200.6591796875 
 579826.390625 3683312.4375 -2097.987548828125 
 578025.1640625 3684136.875 -2231.89599609375 
 576857.6953125 3684775.40625 -1927.154541015625 
 577486.9609375 3684360.6875 -993.43798828125 
 576131.40625 3685267.96875 -4030.64111328125 
 575671.4453125 3685468.3125 -2228.0361328125 
 576297.53125 3685214.9375 -5363.7294921875 
 574964.078125 3685930 -4249.9814453125 
 574541.9375 3686125.875 -2971.6982421875 
 574380.3828125 3686295.25 -5423.087890625 
 573520 3686732.0625 -4099.1533203125 
 575653.0703125 3685619.15625 -6472.17919921875 
 574408.140625 3686346.625 -7520.1484375 
 577516.4140625 3684632.46875 -7753.95556640625 
 576081.890625 3685440.46875 -8399.9482421875 
 577343.7578125 3684778.46875 -9279.4345703125 
 575911.875 3685589.25 -9979.0478515625 
 578436.5234375 3684189.375 -10404.865234375 
 579675.1328125 3683566.53125 -9848.2373046875 
 577052.53125 3684992.875 -10917.3017578125 
 578238.59375 3684345.5 -11640.40234375 
 579351.484375 3683768.65625 -11743.1220703125 
 577597.421875 3684748.8125 -12648.251953125 
 576498.5234375 3685315.6875 -12186.6484375 
 578721.1796875 3684093.125 -12851.533203125 
 578526.53125 3684249.03125 -14144.7685546875 
 580168.6640625 3683206.90625 -13096.564453125 
 580997.609375 3682758.5625 -11709.6591796875 
 580105.6171875 3683248.9375 -14774.017578125 
 578548.6171875 3684275.6875 -15457.533203125 
 581842.4921875 3682401.21875 -13419.5859375 
 581387.640625 3682594.5625 -15191.3076171875 
 582219.5546875 3682241.0625 -12098.5283203125 
 582400.6328125 3682162.8125 -10061.59765625 
 583468.8046875 3681715.5625 -13129.0966796875 
 582756.9140625 3682017.3125 -14944.4140625 
 583291.8203125 3681788.46875 -11351.140625 
 584499.359375 3681279.8125 -11588.9326171875 
 583734.5703125 3681600.625 -10047.2763671875 
 583269 3681795.625 -8753.2021484375 
 584981.90625 3681078.1875 -10363.435546875 
 584847.0703125 3681133.8125 -8288.6005859375 
 585494.6015625 3680864.75 -12370.2119140625 
 586181.7578125 3680574.9375 -10220.166015625 
 585620.71875 3680811.75 -13709.14453125 
 586978.8125 3680239.28125 -12634.474609375 
 584582.421875 3681247.5 -14446.8505859375 
 585379.203125 3680913.71875 -15432.912109375 
 586409.3828125 3680479.5 -14747.419921875 
 583843.6328125 3681559.8125 -15448.314453125 
 585041.265625 3681056.28125 -16692.052734375 
 583214.9296875 3681825.9375 -16694.482421875 
 582301.75 3682210.78125 -16695.697265625 
 584128.1015625 3681441.09375 -16693.267578125 
 581388.578125 3682595.59375 -16696.91015625 
 580475.40625 3682980.4375 -16698.125 
 579715.8828125 3683524.59375 -16693.423828125 
 578956.359375 3684068.75 -16688.72265625 
 578182.2890625 3684532.6875 -16692.0390625 
 577402.359375 3684986.5 -16680.2109375 
 576996.59375 3685160.96875 -14958.4013671875 
 576614.984375 3685427.21875 -16673.33203125 
 576162.4140625 3685559.21875 -13440.5771484375 
 575378.1640625 3686049.5625 -14961.8037109375 
 575454.046875 3685899.34375 -11630.01171875 
 574693.125 3686369.90625 -13177.4609375 
 574518.0859375 3686362.5 -9955.3232421875 
 574389.25 3686475.5625 -11222.1298828125 
 574949.953125 3686083.0625 -8717.5185546875 
 573870.53125 3686694.40625 -8928.13671875 
 572804.3359375 3687236.5 -8536.0166015625 
 573420.984375 3686853.84375 -6471.33251953125 
 572689.5546875 3687357.0625 -10423.4296875 
 571686.96875 3687825.40625 -9289.9775390625 
 573552.0078125 3686952.375 -12061.3330078125 
 571732.34375 3687880.5625 -11971.5283203125 
 572664.9296875 3687461.125 -13296.849609375 
 573691.5234375 3686952.875 -14419.9072265625 
 571362.421875 3688109.03125 -13970.3115234375 
 570236.578125 3688574.6875 -13209.1484375 
 572169.6796875 3687768.09375 -15286.0810546875 
 570576.8671875 3688487.375 -15287.9638671875 
 573413.1015625 3687174.34375 -16755.505859375 
 574359.828125 3686627.75 -15447.80859375 
 572582.6328125 3687615.8125 -16804.322265625 
 571794.34375 3687989.3125 -16804.935546875 
 571000 3688349.53125 -16806.017578125 
 570200.6796875 3688698.71875 -16808.72265625 
 569141.8125 3689213.3125 -15672.3974609375 
 569406.578125 3689059.625 -16817 
 569644.1953125 3688885.875 -14615.912109375 
 568633.796875 3689551.15625 -14657.3857421875 
 569089.03125 3689139.28125 -12563.5341796875 
 570295.6484375 3688504.90625 -11775.8642578125 
 569331.5390625 3688928 -10980.611328125 
 570684.9375 3688290.09375 -10261.341796875 
 569373.875 3688860.53125 -9663.5361328125 
 570877.6015625 3688142.21875 -8101.0849609375 
 568330.3359375 3689636.78125 -10501.4072265625 
 567839.6640625 3690045.125 -9179.9248046875 
 568103.6484375 3689898.53125 -11881.544921875 
 567398.421875 3690523 -10693.1591796875 
 567642.78125 3690398.78125 -13490.52734375 
 567063.0390625 3690865.09375 -11903.8115234375 
 566380 3691490.03125 -13099.642578125 
 566442.7265625 3691344.15625 -10373.2734375 
 565677.015625 3692066.6875 -11646.6552734375 
 566803.015625 3690980.28125 -8729.626953125 
 565566.578125 3692055.6875 -8579.912109375 
 567630.0234375 3690183.84375 -7611.6474609375 
 566246.125 3691412.21875 -7410.6533203125 
 568723.4140625 3689254.5 -8314.8154296875 
 568295.9921875 3689513.34375 -6316.80859375 
 569699.578125 3688647.40625 -7483.64697265625 
 570039.765625 3688451.84375 -6117.63232421875 
 572110.2578125 3687550.09375 -6829.802734375 
 569035.7421875 3688943.34375 -5263.43408203125 
 567307.4296875 3690365.96875 -4387.96826171875 
 571020.453125 3687998.5 -5259.87646484375 
 570526.046875 3688170.9375 -3982.309814453125 
 572239.6484375 3687422.6875 -4970.3623046875 
 572122.40625 3687434.15625 -3371.430908203125 
 571289.1640625 3687790.65625 -2048.4482421875 
 573292.875 3686801.28125 -2477.872314453125 
 572620.734375 3687110.875 -1197.450927734375 
 574626.375 3686030.4375 -1473.0347900390625 
 571642.9453125 3687575.34375 189.09791564941406 
 570494.0625 3688098 -1053.9056396484375 
 572239.75 3687265.65625 223.05824279785156 
 572836.5703125 3686955.9375 257.01998901367188 
 573433.375 3686646.25 290.98031616210938 
 574195.109375 3686216.59375 305.65414428710938 
 574956.8359375 3685786.9375 320.327880859375 
 576108.7578125 3685178.40625 -922.7430419921875 
 575718.671875 3685357.25 321.79470825195312 
 576477.9140625 3684923.125 314.9932861328125 
 577232.8203125 3684481.59375 301.68670654296875 
 578239.578125 3683934.21875 -166.36564636230469 
 577973.8828125 3684017 302.7662353515625 
 578505.2734375 3683851.4375 -635.5 
 579403.0859375 3683460.28125 -666.196044921875 
 580300.921875 3683069.125 -696.892578125 
 581012.4921875 3682759.6875 -2034.2454833984375 
 581199.296875 3682679.9375 -735.1728515625 
 581551.9453125 3682525.5625 -3209.365234375 
 582493.078125 3682119.53125 -2170.2578125 
 583076.8203125 3681871.53125 -3412.270263671875 
 582097.8515625 3682291.46875 -776.146240234375 
 582996.421875 3681902.96875 -817.119873046875 
 583849.796875 3681547.375 -836.25689697265625 
 584237.90625 3681386.1875 -2811.025634765625 
 584703.171875 3681191.78125 -855.39404296875 
 583345.921875 3681759.4375 -4776.439453125 
 584890.5859375 3681114.78125 -4911.20654296875 
 582238.6796875 3682227.84375 -4296.61572265625 
 584047.609375 3681466.28125 -5786.81591796875 
 583523.625 3681686.59375 -6917.439453125 
 585203.078125 3680985 -6557.0205078125 
 586208.4375 3680563.1875 -5474.1142578125 
 585926.7578125 3680681.6875 -3661.06982421875 
 586666.1328125 3680369.125 -7231.0830078125 
 587581.015625 3679969.53125 -5823.42431640625 
 588420.2890625 3679613.9375 -8042.05078125 
 587254.7890625 3680108.75 -4286.9296875 
 588503.4375 3679572.15625 -4855.62255859375 
 586800.296875 3680303.09375 -2408.0888671875 
 585479.78125 3680868.5625 -2308.889404296875 
 588487.65625 3679575.875 -3460.8662109375 
 589041.2109375 3679337.5 -2276.236572265625 
 589674.203125 3679072.96875 -4181.826171875 
 589556.203125 3679127.03125 -5653.8095703125 
 591032.6796875 3678494.71875 -4217.18994140625 
 589342.5703125 3679221.59375 -7046.8916015625 
 590571.484375 3678699.625 -7505.41845703125 
 589288.6328125 3679249.78125 -9064.048828125 
 587860.8359375 3679854.03125 -9567.970703125 
 586372.34375 3680494.46875 -8927.0654296875 
 589140.453125 3679315.53125 -10444.8046875 
 587142.015625 3680168.53125 -11011.3828125 
 590536.6640625 3678719.28125 -9367.0615234375 
 590395.2421875 3678783.09375 -10757.59375 
 591633.0546875 3678254.84375 -8853.9951171875 
 592348.2265625 3677945.375 -7817.5400390625 
 592107.9453125 3678057.9375 -10114.7041015625 
 592812.1796875 3677749.03125 -9039.4794921875 
 593623.6484375 3677402.25 -10256.2216796875 
 593971.875 3677246.25 -8653.26953125 
 594000.328125 3677228.28125 -7351.56591796875 
 594686.53125 3676951.03125 -9684.033203125 
 595073.8125 3676777.71875 -7933.44140625 
 594681.6484375 3676963.21875 -11439.8583984375 
 592973.6171875 3677689.125 -11742.947265625 
 595795.5 3676486.375 -10146.521484375 
 596436.1640625 3676225.3125 -11692.28515625 
 596269.25 3676274.4375 -8451.7705078125 
 597398.84375 3675769.40625 -10375.5087890625 
 596347.2734375 3676223.5 -7189.29833984375 
 595336.25 3676659.21875 -6565.87158203125 
 597848.1796875 3675537 -8402.2529296875 
 597281.9453125 3675778.90625 -6460.8359375 
 598211.984375 3675353.40625 -7204.5068359375 
 596265.4375 3676242.3125 -5505.72265625 
 598172.34375 3675354.46875 -5688.43798828125 
 594279.953125 3677098.0625 -4880.45849609375 
 593393.375 3677486.9375 -6229.1953125 
 595667.8359375 3676505.75 -4188.68603515625 
 594893.546875 3676824.25 -2680.997802734375 
 597855.7421875 3675488.375 -4483.66162109375 
 597213.7265625 3675771.3125 -3032.00048828125 
 599271.3828125 3674859.96875 -4929.16845703125 
 599239.65625 3674856.75 -3950.54248046875 
 599303.1015625 3674863.21875 -5907.79443359375 
 599334.828125 3674866.46875 -6886.41162109375 
 599366.546875 3674869.6875 -7865.02880859375 
 599398.265625 3674872.9375 -8843.654296875 
 598285.671875 3675354.1875 -9574.90234375 
 599429.984375 3674876.1875 -9822.2802734375 
 598338.4609375 3675357.875 -11102.83984375 
 598034.90625 3675506.375 -12314.791015625 
 596829.859375 3676068.875 -13332.10546875 
 599493.4296875 3674882.65625 -11779.513671875 
 599525.1484375 3674885.90625 -12758.1396484375 
 599461.703125 3674879.4375 -10800.896484375 
 598182.2890625 3675469.5 -13801.166015625 
 599556.8671875 3674889.15625 -13736.765625 
 597358.8125 3675841.21875 -14990.9755859375 
 595835.8515625 3676491.84375 -14035.0771484375 
 598515.5390625 3675353.46875 -15238.634765625 
 599588.5859375 3674892.40625 -14715.3818359375 
 597825.6875 3675668.53125 -16675.052734375 
 596912.5078125 3676053.375 -16676.267578125 
 598738.859375 3675283.71875 -16673.83984375 
 599620.3125 3674895.625 -15693.9990234375 
 599652.03125 3674898.875 -16672.625 
 595538.640625 3676624.28125 -15282.4326171875 
 595999.328125 3676438.21875 -16677.482421875 
 594622.3046875 3677004.09375 -14183.2978515625 
 593962.7734375 3677288.71875 -15338.505859375 
 595406.5703125 3676665.78125 -12832.3857421875 
 593368.2890625 3677527.5 -13304.447265625 
 591883.25 3678162.40625 -13200.7119140625 
 591419.4296875 3678353.125 -11607.666015625 
 592797.828125 3677776.71875 -14834.822265625 
 591387.15625 3678377.25 -15123.859375 
 593259.8125 3677592.71875 -16681.125 
 592346.6484375 3677977.53125 -16682.33984375 
 594172.9921875 3677207.875 -16679.91015625 
 595086.1640625 3676823.03125 -16678.6953125 
 591433.46875 3678362.375 -16683.552734375 
 590520.296875 3678747.21875 -16684.767578125 
 590059.796875 3678935.6875 -14524.0029296875 
 589607.1171875 3679132.0625 -16685.982421875 
 590711.859375 3678656.78125 -13441.3154296875 
 589413.2421875 3679206.90625 -13447.7587890625 
 590049.2578125 3678934.5625 -12365.154296875 
 588420.5546875 3679622 -11896.490234375 
 588232.3515625 3679704.78125 -13532.6884765625 
 588234.875 3679707.125 -15149.1552734375 
 588693.953125 3679516.90625 -16687.197265625 
 587780.78125 3679901.75 -16688.41015625 
 586867.609375 3680286.59375 -16689.625 
 585954.4453125 3680671.4375 -16690.83984375 
 599207.9453125 3674853.5 -2971.926025390625 
 597985.8671875 3675400.90625 -2158.522705078125 
 596437.203125 3676123.625 -2155.428466796875 
 599176.21875 3674850.25 -1993.3092041015625 
 598370.15625 3675208.375 -1013.1325073242188 
 599144.5 3674847 -1014.6831665039062 
 597595.828125 3675569.71875 -1011.5853881835938 
 596821.5 3675931.09375 -1010.0382690429688 
 596047.171875 3676292.4375 -1008.4911499023438 
 595272.828125 3676653.8125 -1006.9439697265625 
 594519.140625 3676980.15625 -1004.68017578125 
 593386.8125 3677475.03125 -2235.3798828125 
 593384.9140625 3677480.65625 -3536.065185546875 
 593765.453125 3677306.5 -1002.4163208007812 
 593011.765625 3677632.84375 -1000.152587890625 
 592258.0859375 3677959.1875 -997.8887939453125 
 591878.65625 3678129.8125 -2712.5 
 591504.3984375 3678285.53125 -995.625 
 592657.3671875 3677800.65625 -4884.3544921875 
 590203.6328125 3678843.6875 -2687.06787109375 
 591653.9609375 3678237.5 -6003.02197265625 
 590653.6796875 3678647.65625 -980.64556884765625 
 589802.9765625 3679009.78125 -965.66632080078125 
 588952.265625 3679371.90625 -950.68701171875 
 588102.1484375 3679735.375 -934.57867431640625 
 587254.1640625 3680103.59375 -914.46319580078125 
 586406.1875 3680471.8125 -894.347900390625 
 585556.5546875 3680836.1875 -874.53106689453125 
 581780.671875 3682422.65625 -8387.1943359375 
 580941.8671875 3682784.1875 -9769.7197265625 
 570154.390625 3688296.03125 -2655.840087890625 
 570864.890625 3687904.75 185.485107421875 
 570089.6328125 3688240.5 183 
 569320.5234375 3688590.25 183 
 568615.28125 3689081.96875 -917.2369384765625 
 568840.3515625 3688901.90625 183 
 569108.7890625 3688792.03125 -1899.9146728515625 
 568119.9375 3689513.59375 -1954.1025390625 
 568656.3046875 3689148.21875 -3923.159912109375 
 567579.9453125 3690056.625 -3085.96630859375 
 566604.359375 3690948.0625 -2750.129150390625 
 567306.6171875 3690251.625 -1407.8740234375 
 566186.9296875 3691257.0625 -1324.3541259765625 
 565066.76171875 3692249.6875 -1501.4483642578125 
 566922.3359375 3690555.46875 183 
 567636.2265625 3689879.15625 183 
 566186 3691206.875 183 
 565443.515625 3691851.4375 192.416748046875 
 564710.84375 3692506.78125 221.40939331054688 
 563839.0546875 3693277.09375 -966.490966796875 
 563842.91796875 3693315.46875 -2229.55419921875 
 564127.18359375 3692995.9375 232.20487976074219 
 563543.546875 3693485.0625 243 
 562836.8125 3694025.6875 259.10311889648438 
 562475.546875 3694354.75 -1534.9046630859375 
 562127.9296875 3694563.28125 276.740966796875 
 562910.68359375 3694055.625 -2698.394287109375 
 563742.5703125 3693444.1875 -3582.400146484375 
 561934.1015625 3694823.4375 -2416.18212890625 
 561497.31640625 3695093.40625 -1404.2672119140625 
 562488.8359375 3694418.6875 -4068.851318359375 
 561379.25390625 3695287.0625 -3690.389404296875 
 563210.7109375 3693920.875 -5945.4736328125 
 561683.61328125 3695130.9375 -5254.53955078125 
 564434.6875 3692897.84375 -4617.7080078125 
 564310.328125 3693048.0625 -6011.47607421875 
 564942.05859375 3692419.78125 -3130.03955078125 
 565873.5625 3691638.15625 -4604.45947265625 
 565707.203125 3691837.8125 -6016.66162109375 
 566790.75 3690902.25 -6112.08837890625 
 565015.828125 3692492 -7092.52490234375 
 563410.55078125 3693814.28125 -7531.4619140625 
 564319.6328125 3693127.40625 -8655.9541015625 
 562190.546875 3694828.78125 -7339.23486328125 
 562921.28515625 3694233.09375 -9044.283203125 
 562067.91796875 3695022.9375 -9638.0791015625 
 563994.54296875 3693441.21875 -10063.59375 
 565163.6796875 3692468.125 -10130.748046875 
 562895.3828125 3694297.28125 -10560.0478515625 
 563838.19140625 3693603.65625 -11524.2509765625 
 562477.5625 3694777.15625 -12848.6865234375 
 564756.8125 3692872.84375 -12057.642578125 
 564400.4609375 3693225.96875 -13704.193359375 
 563223.6796875 3694134.96875 -13604.025390625 
 565253.203125 3692493.6875 -13185.2177734375 
 565620.5078125 3692218.15625 -14459.6474609375 
 566629.1484375 3691326.90625 -14580.8876953125 
 565263.95703125 3692568.09375 -15716.67578125 
 567636.8046875 3690474.71875 -15310.2177734375 
 567010.2109375 3691076.4375 -16817 
 566286.8984375 3691705.3125 -16806.853515625 
 567730.34375 3690444 -16817 
 568425.1796875 3689783.53125 -16817 
 568915.890625 3689421.5625 -16817 
 565572.671875 3692344.15625 -16778.58984375 
 564964.21484375 3692854.09375 -16767.3359375 
 564353.97265625 3693361.75 -16755.828125 
 564652.75 3693053.84375 -14902.2353515625 
 563409.6015625 3694053.25 -15678.025390625 
 563777.9921875 3693740.9375 -14642.6884765625 
 562888.828125 3694448.28125 -14759.1875 
 561980.35546875 3695278.15625 -14179.103515625 
 562472.296875 3694896.15625 -15657.5283203125 
 561389.90625 3695699.59375 -12948.84375 
 560927.46875 3696142.8125 -14226.1533203125 
 561800.0234375 3695295.34375 -10887.1728515625 
 560664.41796875 3696243.5625 -11507.970703125 
 561230.54296875 3695645.9375 -8854.4384765625 
 560057.71484375 3696548.53125 -9958.5888671875 
 560729.49609375 3695961.25 -6721.97607421875 
 559506.66796875 3696733.5 -8005.69482421875 
 560406.06640625 3695969.34375 -4808.5732421875 
 559060.81640625 3696898.125 -6021.052734375 
 559180.69921875 3696693.625 -4597.9345703125 
 557308.9921875 3697862.125 -5667.93359375 
 559704.9375 3696198.8125 -2533.7587890625 
 558234.37890625 3697198.5 -3643.154052734375 
 558659.6875 3696818.90625 -1617.0889892578125 
 557302.1640625 3697739.5 -4366.6728515625 
 557606.59375 3697368.4375 -2377.76220703125 
 556349.07421875 3698126.59375 -3552.21484375 
 556634.33984375 3697819.375 -1439.9183349609375 
 555541.0390625 3698926.4375 -4821.05224609375 
 555095.09765625 3699070.9375 -3185.139404296875 
 556209.25 3698506.84375 -6382.919921875 
 558097.37109375 3697607.25 -7347.25390625 
 555047.78515625 3699373.40625 -6392.171875 
 554190 3699864.34375 -5585.6328125 
 555405.7421875 3699303.21875 -7823.90380859375 
 554400.1171875 3699887.4375 -7343.18310546875 
 556576.078125 3698426.75 -7802.38330078125 
 556203.57421875 3698835.8125 -9301.123046875 
 557412.8125 3698121.71875 -8955.173828125 
 558550.140625 3697579.75 -9666.904296875 
 556984.53125 3698527.34375 -10663.8388671875 
 555725.375 3699379.625 -10655.369140625 
 558207.46484375 3697901.4375 -11003.1259765625 
 559336.33203125 3697132.625 -11557.8916015625 
 557900.78515625 3698176.03125 -12357.92578125 
 556266.93359375 3699129.40625 -12308.5810546875 
 558931.2578125 3697519.53125 -12702.8720703125 
 558094.9453125 3698196.21875 -13609.369140625 
 559085.06640625 3697497.9375 -13968.4609375 
 557063.08203125 3698802.71875 -14002.2666015625 
 558392.21484375 3698118.90625 -14988.275390625 
 557105.9921875 3698898.5625 -15181.517578125 
 559600.359375 3697230.25 -15120.1328125 
 559212.32421875 3697545.3125 -15689.63671875 
 559907.578125 3697114.875 -16366.375 
 558579.5859375 3698078.71875 -16354.3759765625 
 558108.640625 3698442.625 -16298.75 
 559050.515625 3697714.84375 -16410 
 559479.0390625 3697414.875 -16388.1875 
 557468.22265625 3698808.5625 -16306.84765625 
 556841.4453125 3699196.40625 -16295.1083984375 
 556223.9375 3699599.125 -16269.875 
 555956.30859375 3699620.53125 -14918.505859375 
 555710.0390625 3699856.03125 -16251.4375 
 556089.26171875 3699408.375 -13516.044921875 
 555076.328125 3699998.90625 -13930.294921875 
 554750.9765625 3700029 -11645.2099609375 
 554085.1875 3700539.0625 -13021.3759765625 
 553507.6171875 3700905.53125 -14299.3056640625 
 553323.265625 3700795.03125 -11807.662109375 
 554365.08984375 3700171.65625 -10330.9794921875 
 552387.5703125 3701483.96875 -12960.560546875 
 551421.09375 3702012.65625 -11379.701171875 
 552303.62109375 3701668.21875 -14602.5205078125 
 553511.97265625 3700982.28125 -15231.48828125 
 551232.5 3702278.59375 -12827.1435546875 
 550795.07421875 3702737.625 -14091.7392578125 
 550209.70703125 3703122.0625 -12366.2294921875 
 550305.53125 3702915.21875 -10832.841796875 
 549294.08203125 3703917.0625 -13368.544921875 
 549874.00390625 3703578.75 -14507.1630859375 
 549135.55859375 3703856.78125 -11480.9599609375 
 548062.82421875 3704769.25 -12967.0537109375 
 549550.53125 3703367.1875 -9560.775390625 
 547862.76953125 3704718.0625 -10133.73828125 
 551297.22265625 3701943.28125 -9456.4814453125 
 550364.4921875 3702664.15625 -8305.755859375 
 552084.94140625 3701497.46875 -10390.048828125 
 552490.87109375 3701079.1875 -8681.0107421875 
 553143.78125 3700773.59375 -10175.833984375 
 553707.125 3700344.9375 -8717.53125 
 553289.0546875 3700471.21875 -7362.45166015625 
 554897.8671875 3699713.21875 -9146.990234375 
 553064.59765625 3700463.71875 -5571.10693359375 
 552364.5 3701005.03125 -6564.0439453125 
 554153.25 3699773.34375 -4312.931640625 
 552824.73828125 3700462.75 -3626.6962890625 
 553842.37109375 3699789.375 -2721.69482421875 
 554710.55859375 3699185.5625 -1605.5118408203125 
 555700.65234375 3698457.15625 -2148.5361328125 
 553945.83984375 3699559.03125 -524.21307373046875 
 555289.62890625 3698655.96875 -411.28607177734375 
 552670.5625 3700438.6875 -1991.742431640625 
 552670.59375 3700311.0625 -194.45780944824219 
 551787.30078125 3701178.875 -3301.305908203125 
 551784.75 3701285.71875 -4596.29736328125 
 551280.734375 3701339.875 -2110.135498046875 
 551864.8125 3700922.90625 -616.46484375 
 550665.19140625 3701868.84375 -3447.078125 
 550019.4375 3702455.34375 -2160.373046875 
 550346.73828125 3702411.15625 -4883.4951171875 
 551200.58984375 3701725.90625 -5936.33203125 
 548981.48828125 3703234.21875 -3903.34814453125 
 548760.203125 3703561.03125 -5812.7685546875 
 548361.43359375 3703595.5625 -2043.1318359375 
 547395.984375 3704598.59375 -3522.657470703125 
 549233.2578125 3702803.1875 -1213.3184814453125 
 548365.83984375 3703385.96875 -503.00607299804688 
 550541.2265625 3701737.28125 -674.95806884765625 
 549724.19140625 3702400.34375 -113.12229156494141 
 550520.65234375 3701689.65625 191.81121826171875 
 548349.90625 3703276.21875 525.697509765625 
 547954.48046875 3703739.8125 273.39260864257812 
 549011.74609375 3702735.59375 1116.2347412109375 
 549578.37890625 3702354.75 1096.2857666015625 
 548422.515625 3703075.84375 1164.696533203125 
 548257.16015625 3703337.875 1186.6280517578125 
 547950.3125 3703704.75 757.10028076171875 
 548091.796875 3703599.9375 1208.5614013671875 
 547800.96875 3703743.40625 1218.6728515625 
 547510.140625 3703886.875 1228.784423828125 
 547444.1171875 3704052.75 592.88665771484375 
 547286.3515625 3704200.0625 1214.163330078125 
 547129.24609375 3704530.3125 255.09820556640625 
 547195.9296875 3704547.375 -689.3416748046875 
 547062.5625 3704513.25 1199.5421142578125 
 547262.61328125 3704564.46875 -1633.781982421875 
 547329.30078125 3704581.53125 -2578.222412109375 
 550051.61328125 3702199.6875 427.33181762695312 
 549899 3702209.5 1074.9268798828125 
 550406.84765625 3701783.375 1046.20361328125 
 550594.0625 3701502.5 1038.8389892578125 
 550219.625 3702064.25 1053.568359375 
 550950.7578125 3701281.65625 997.45074462890625 
 551487.26953125 3701042.15625 131.92131042480469 
 551307.4296875 3701060.84375 956.064697265625 
 552091.3125 3700691 900.34527587890625 
 552477.5078125 3700387.40625 879.249267578125 
 551699.36328125 3700875.9375 928.20538330078125 
 552863.71875 3700083.78125 858.15240478515625 
 553594.18359375 3699661.71875 802.41131591796875 
 554319.19140625 3699229.875 755.6756591796875 
 555031.4375 3698775 730.11138916015625 
 555477.9140625 3698340.34375 709.99127197265625 
 556181.54296875 3697904.40625 -408.1494140625 
 555924.40625 3697905.65625 689.8704833984375 
 557312.40625 3697362.34375 -553.3831787109375 
 556552.70703125 3697711.625 86.514884948730469 
 558578.5546875 3696747.5625 -472.41461181640625 
 557589.3125 3697088.25 589.981689453125 
 559553.7890625 3696173.1875 -1014.3969116210938 
 559639.5234375 3696009.09375 513.53558349609375 
 560644.265625 3695552.65625 -959.22393798828125 
 560501.8125 3695515 411.2564697265625 
 561018.8984375 3695473.6875 -2284.3779296875 
 561133.76953125 3695271.46875 -411.83221435546875 
 561406.0078125 3695083 303.58346557617188 
 560953.90625 3695299 357.42034912109375 
 558804.8125 3696543 633.648681640625 
 558197.0546875 3696815.625 611.81494140625 
 557154.03515625 3697338.75 645.6361083984375 
 556718.75390625 3697589.25 701.29083251953125 
 556321.5703125 3697747.46875 695.58074951171875 
 547462.66796875 3704615.65625 -4467.09765625 
 547529.3515625 3704632.75 -5411.53759765625 
 547596.03515625 3704649.8125 -6355.9775390625 
 548935.42578125 3703643.34375 -7699.2353515625 
 550049.6875 3702815.875 -6686.48974609375 
 547662.71875 3704666.875 -7300.4169921875 
 547729.40234375 3704683.9375 -8244.857421875 
 547796.08984375 3704701 -9189.2978515625 
 551560.7265625 3701623.09375 -7420.88623046875 
 547929.453125 3704735.125 -11078.177734375 
 547996.140625 3704752.1875 -12022.61328125 
 548129.5078125 3704786.34375 -13911.4931640625 
 548763.95703125 3704473.03125 -15102.0830078125 
 548196.19140625 3704803.40625 -14855.93359375 
 548262.875 3704820.46875 -15800.3740234375 
 548627.0546875 3704606.21875 -15785.8125 
 548991.234375 3704391.96875 -15771.25 
 549723.88671875 3703808.21875 -15801.998046875 
 550430.2109375 3703195.15625 -15863.6875 
 551153.578125 3702602 -15918.83984375 
 551900.8125 3702038.40625 -15961.25 
 552563.296875 3701612.3125 -16045.19140625 
 553227.0546875 3701182.875 -16096.625 
 553805.0703125 3700926.03125 -16119.25 
 554383.0859375 3700669.1875 -16141.875 
 554629.54296875 3700399.125 -14984.5986328125 
 555017.30859375 3700177.90625 -15542.724609375 
 555258.60546875 3699963.84375 -14828.1875 
 555196.140625 3700112.9375 -16233 
 554789.609375 3700391.0625 -16187.4365234375 
 560488.63671875 3696611.28125 -16436.2578125 
 561454.94921875 3695754.25 -15340.5146484375 
 561079.0078125 3696121.09375 -16521.5859375 
 561670.66796875 3695632.6875 -16608.287109375 
 562263.03125 3695144.84375 -16693.5 
 562677.984375 3694735.625 -16710.296875 
 563092.953125 3694326.375 -16727.095703125 
 563723.46484375 3693844.0625 -16741.4609375 
 560127.71484375 3696739.5625 -12933.89453125 
 568360.171875 3689213.5625 183 
 574243.578125 3686732.875 -16706.6875 
 575033.234375 3686296.28125 -16691.087890625 
 575822.90625 3685859.65625 -16675.48828125 
 584301.6328125 3677034.4375 -10082.7099609375 
 582838.2578125 3677808.84375 -9556 
 582800.546875 3677802.09375 -10502.3330078125 
 582762.84375 3677795.3125 -11448.666015625 
 584162.890625 3677146.5625 -8642.8740234375 
 585633.4296875 3676374.34375 -9183.173828125 
 582875.9609375 3677815.625 -8609.6669921875 
 582913.6640625 3677822.40625 -7663.3330078125 
 584531.390625 3676994.0625 -7247.91943359375 
 582951.375 3677829.15625 -6716.99951171875 
 586192.2578125 3676125.46875 -7852.11328125 
 587121.6484375 3675616.21875 -8863.4375 
 586019.2890625 3676253.6875 -6403.115234375 
 585455.6484375 3676573.625 -5242.28076171875 
 587108 3675683.34375 -6753.916015625 
 586643.34375 3675966.375 -5257.2080078125 
 587754.5390625 3675369.0625 -5697.06884765625 
 587351.328125 3675633.625 -3939.513916015625 
 588021.8359375 3675175.875 -7489.5 
 589628.953125 3674355.4375 -6243.81591796875 
 588391.84375 3674939.96875 -8859.962890625 
 587463.140625 3675387.5625 -10513.6025390625 
 589804.71875 3674207.90625 -8145.53173828125 
 589173.9921875 3674491.65625 -9981.5693359375 
 590231.109375 3673945.8125 -9380.7958984375 
 588522 3674806.34375 -11126.1669921875 
 587863.9296875 3675118.96875 -12457.810546875 
 590099.8046875 3673969.78125 -10999.2451171875 
 589567.8515625 3674211.59375 -12460.4052734375 
 590419.828125 3673757.875 -12461.7021484375 
 588715.8984375 3674665.28125 -12459.1083984375 
 591309.4921875 3673310.96875 -11516.666015625 
 591271.7890625 3673304.1875 -12463 
 591347.1953125 3673317.75 -10570.3330078125 
 591384.90625 3673324.53125 -9623.9990234375 
 591422.6171875 3673331.28125 -8677.666015625 
 591460.3203125 3673338.0625 -7731.33447265625 
 590424.8125 3673907.34375 -7100.1982421875 
 591498.0234375 3673344.84375 -6785.0009765625 
 590424.1875 3673960.5625 -5236.9267578125 
 588862.8203125 3674791.53125 -5252.80615234375 
 591535.734375 3673351.59375 -5838.6669921875 
 591573.4375 3673358.375 -4892.33349609375 
 590759.1796875 3673818.84375 -3944.70263671875 
 591611.140625 3673365.15625 -3946 
 589907.203125 3674272.5625 -3943.405517578125 
 589055.25 3674726.25 -3942.108154296875 
 588203.28125 3675179.9375 -3940.81103515625 
 587011.9765625 3675572.65625 -12456.513671875 
 585755.4375 3676266.21875 -10847.0400390625 
 586155.4921875 3676017.6875 -12451.1669921875 
 585296.0625 3676457 -12443.1630859375 
 584437.75 3676898.375 -12431.51953125 
 583581.453125 3677343.4375 -12413.259765625 
 582725.140625 3677788.53125 -12395 
 586494.84375 3676078.65625 -3934.166259765625 
 585635.421875 3676517.96875 -3926.1630859375 
 584777.1015625 3676959.34375 -3914.51953125 
 584276.5234375 3677179.4375 -5343.31884765625 
 583920.8046875 3677404.40625 -3896.259765625 
 582989.0859375 3677835.9375 -5770.66748046875 
 583026.7890625 3677842.71875 -4824.333984375 
 583064.4921875 3677849.5 -3878.000244140625
 578607.4375 3682885 -9232.060546875 
 577891.6015625 3683928.71875 -9129.625 
 578301.9296875 3683442.21875 -10334.8701171875 
 577275.03125 3685112.65625 -10375.728515625 
 579598.96875 3682062.15625 -10843.384765625 
 578248.2421875 3683189.53125 -8041.48095703125 
 577155.140625 3685029.25 -8501.052734375 
 579517.90625 3681818.71875 -7857.7490234375 
 579136.7890625 3682044.34375 -6405.63330078125 
 579508.0390625 3681992.84375 -9365.853515625 
 580409.546875 3681014.96875 -8720.5185546875 
 580958.84375 3680695.8125 -10291.4345703125 
 580733.7734375 3681069.5625 -12220.52734375 
 581384.53125 3680531.3125 -12215.876953125 
 580034.3515625 3681774.8125 -12230.4853515625 
 579334.9140625 3682480.09375 -12240.4443359375 
 578635.4921875 3683185.34375 -12250.40234375 
 577943.8125 3684146.625 -11171.9521484375 
 578221.96875 3683855.5625 -12250.40234375 
 577808.4453125 3684525.78125 -12250.40234375 
 577334.9765625 3685154.34375 -11313.0634765625 
 577394.921875 3685196 -12250.40234375 
 582293.8515625 3679655.4375 -10885.7021484375 
 582035.28125 3679993.0625 -12211.2255859375 
 581814.25 3679935.875 -9746.7607421875 
 583110.359375 3678924.6875 -10027.109375 
 581516.75 3680060.71875 -8503.380859375 
 582512.9296875 3679292.8125 -8907.65234375 
 582032.0625 3679527.9375 -7364.6953125 
 583813.1640625 3678237.8125 -8681.013671875 
 584817.9609375 3677561.78125 -9967.056640625 
 583053.5390625 3678760.0625 -7826.19970703125 
 583701.265625 3678159.96875 -6931.30322265625 
 581928.859375 3679480.90625 -6010.74951171875 
 583198.2890625 3678428.8125 -5557.703125 
 580421.59375 3680832.96875 -7139.24951171875 
 580591.4765625 3680509.875 -5262.19091796875 
 579212.890625 3681805.1875 -4912.755859375 
 580174.2890625 3680680.4375 -3472.04638671875 
 577904.921875 3683344.625 -5332.22314453125 
 577808.9921875 3683709.5625 -6746.09423828125 
 578076.0078125 3682796.1875 -3501.919921875 
 577662.4921875 3683466.40625 -3501.919921875 
 578775.4375 3682090.9375 -3491.9619140625 
 579474.859375 3681385.6875 -3482.004150390625 
 577439.9140625 3683989.78125 -4599.80078125 
 577248.9609375 3684136.65625 -3501.919921875 
 576975.3125 3684904.15625 -5689.041015625 
 576928.6875 3684871.71875 -4960.00048828125 
 576882.0625 3684839.3125 -4230.96044921875 
 576835.4375 3684806.875 -3501.919921875 
 577035.2578125 3684945.84375 -6626.37841796875 
 577095.1953125 3684987.5625 -7563.7138671875 
 580822.0546875 3680144.65625 -3467.4169921875 
 581860.5234375 3679410.40625 -4700.96826171875 
 581469.796875 3679608.90625 -3462.787841796875 
 582124.6640625 3679081.90625 -3456.98974609375 
 582782.453125 3678558.5 -3450.713623046875 
 583439.859375 3678034.75 -3437.759765625 
 584244.2265625 3677463.0625 -4147.0869140625 
 584097.2421875 3677511 -3424.224609375 
 584391.2109375 3677415.125 -4869.94970703125 
 584538.1953125 3677367.1875 -5592.81201171875 
 584594.1484375 3677406.09375 -6467.66162109375 
 584650.1015625 3677445.03125 -7342.50927734375 
 584706.0546875 3677483.96875 -8217.3583984375 
 584762.0078125 3677522.875 -9092.20703125 
 583829.9375 3678435.46875 -10894.7119140625 
 584769.9140625 3677669.4375 -10695.884765625 
 584721.859375 3677777.09375 -11424.7099609375 
 584013.9921875 3678411.375 -12176.8291015625 
 584673.8125 3677884.75 -12153.5380859375 
 583354.125 3678937.9375 -12199.0791015625 
 582693.296875 3679463.75 -12205.3837890625 
 577215.0859375 3685070.96875 -9438.390625 