510217.52734375 3774147.859375 -16046.7958984375 
511477.40625 3773940.875 -16101.341796875 
510274.490234375 3773931.875 -14866.6220703125 
511576.33984375 3773553.953125 -14041.0048828125 
508542.01171875 3774238.953125 -15305.7841796875 
511078.46875 3774193.46875 -17261.25 
511623.923828125 3774150.28125 -17327.25 
510467.8193359375 3774302.140625 -17211.5 
509857.1572265625 3774410.828125 -17161.75 
 508880.564453125 3774496.375 -17070.697265625 
 507906.5927734375 3774597.03125 -16969.578125 
 507104.69677734375 3774462.171875 -15428.99609375 
 508041.3583984375 3774103.25 -13996.66015625 
 506935.44140625 3774713.96875 -16857.625 
 505992.97314453125 3774870.40625 -16767.8984375 
 505627.56787109375 3774698.46875 -15219.7763671875 
 505048.361328125 3775013.421875 -16679 
 506653.45458984375 3774332.75 -14046.51953125 
 505227.712890625 3774550.4375 -13795.7861328125 
 507160.8798828125 3773982.8125 -12478.1513671875 
 505110.73583984375 3774350.6875 -12350.44921875 
 508794.3115234375 3773805.1875 -12843.693359375 
 508670.619140625 3773518.828125 -11037.81640625 
 510054.09765625 3773733.515625 -13481.3134765625 
 509805.1669921875 3773507.34375 -11890.28515625 
 511053.5166015625 3773354.75 -12553.4951171875 
 513105.14453125 3773425.265625 -13636.37109375 
 510324.615234375 3773138.15625 -10353.8583984375 
 511849.41015625 3772879.859375 -10507.18359375 
 509250.58984375 3773143 -9129.37890625 
 511468.869140625 3772591.265625 -8718.7607421875 
 507848.52685546875 3773503.296875 -10074.8193359375 
 507661.357421875 3773330.953125 -8833.6484375 
 506870.064453125 3773779.203125 -10831.1708984375 
 506640.37939453125 3773634.484375 -9566.431640625 
 505512.85693359375 3774077.484375 -11032.271484375 
 506582.97021484375 3773390.3125 -7931.259765625 
 508090.017578125 3773065.734375 -7641.79833984375 
 505375.40966796875 3773891.6875 -9647.248046875 
 505206.03759765625 3773635.1875 -7761.19921875 
 503729.68188476562 3774319.21875 -10521.97265625 
 504343.28662109375 3773930.25 -8768.37890625 
 503010.32763671875 3774662.9375 -12381.6884765625 
 502427.97192382812 3774602.65625 -11065.197265625 
 503851.09155273438 3774835.09375 -14207.80859375 
 502618.22924804688 3774929.015625 -13655.0751953125 
 501099.76550292969 3775233.5625 -12072.4541015625 
 502602.8916015625 3775160.421875 -15175.7451171875 
 503828.89306640625 3775008.90625 -15413.0712890625 
 501510.83715820312 3775387.703125 -14292.306640625 
 501902.31823730469 3775395.71875 -15282.498046875 
 500742.060546875 3775566.5625 -13264.783203125 
 500203.24404907227 3775945.609375 -14406.5185546875 
 501231.82104492188 3775703.84375 -15372.2109375 
 499610.89044189453 3775897.484375 -12739.69140625 
 498854.70300292969 3776386.671875 -14256.880859375 
 500327.89727783203 3775325.5 -10674.423828125 
 498445.47534179688 3776075.59375 -11305.265625 
 498467.89294433594 3776332.421875 -13052.41015625 
 499128.47662353516 3775594.65625 -9652.4208984375 
 497846.4326171875 3775994.984375 -9482.453125 
 500390.65783691406 3775011.78125 -8875.5849609375 
 499367.06005859375 3775193.140625 -7561.01123046875 
 501572.0654296875 3774696.78125 -9906.990234375 
 501253.78515625 3774458.734375 -7657.447265625 
 503006.45751953125 3774146.390625 -8748.595703125 
 503211.52905273438 3773855.515625 -6854.626953125 
 501778.74731445312 3774080.953125 -6199.677734375 
 505048.79443359375 3773374.625 -5864.37744140625 
 505952.927734375 3773340.046875 -6765.83056640625 
 503527.42260742188 3773490.484375 -4701.19921875 
 504779.1884765625 3773074.6875 -3567.348388671875 
 506363.28369140625 3772908.171875 -4541.8408203125 
 503305.8310546875 3773311.53125 -3185.438720703125 
 504201.22607421875 3772928.625 -1935.014892578125 
 501602.16064453125 3773900.4375 -4623.57958984375 
 501490.47473144531 3773732.421875 -3267.18017578125 
 502180.14184570312 3773373.890625 -2139.175537109375 
 500214.2562713623 3774218.65625 -3252.645751953125 
 499488.4697265625 3774642.171875 -4221.892578125 
 499665.56051635742 3774253.03125 -2058.189208984375 
 500456.45471191406 3773749.3125 -1037.2412109375 
 498991.33227539062 3774636.71875 -3053.01708984375 
 498419.07653808594 3774663.5625 -1925.8067626953125 
 498273.52685546875 3775029.8125 -4014.38037109375 
 498784.23596191406 3775034.125 -5189.591796875 
 496745.96215820312 3775265.96875 -2547.282958984375 
 497013.63598632812 3774927.96875 -697.98162841796875 
 496439.23657226562 3775666.0625 -4729.71923828125 
 495102.14599609375 3775605.625 -3226.94970703125 
 497989.71740722656 3775434.953125 -6081.26953125 
 496838.77490234375 3775877.765625 -6880.87841796875 
 495530.3369140625 3775983.5 -6227.30078125 
 497555.828125 3775884.78125 -8166.435546875 
 495422.06884765625 3776231.1875 -7985.93603515625 
 495549.138671875 3776414.484375 -9398.740234375 
 493654.939453125 3776202.84375 -6828.9619140625 
 494137.4345703125 3776479.421875 -9169.734375 
 494385.876953125 3775877.703125 -4871.6337890625 
 492727.39453125 3776095.375 -5619.98095703125 
 493465.97802734375 3775745.015625 -3345.450439453125 
 494477.14208984375 3775417.734375 -1540.6168212890625 
 492141.2802734375 3776101.765625 -4203.4521484375 
 492350.1181640625 3775828.5 -2168.250732421875 
 490893.5986328125 3776387.59375 -2589.283447265625 
 492629.91015625 3775520.296875 -592.6160888671875 
 493874.55859375 3775308.828125 -416.39297485351562 
 491346.3232421875 3776018.765625 -903.68048095703125 
 491577.197265625 3775759.5625 848.0001220703125 
 490027.6640625 3776531.828125 -1126.0894775390625 
 490908.6962890625 3776177.0625 -46.270748138427734 
 489070.0751953125 3776866.5625 -3089.5517578125 
 488678.8857421875 3776845.421875 -1518.843505859375 
 490523.6201171875 3776650.171875 -4252.787109375 
 488896.81640625 3777006.296875 -4695.88916015625 
 491323.505859375 3776446.078125 -6066.81640625 
 489963.3564453125 3776881.59375 -5704.84326171875 
 490118.3173828125 3776950.0625 -6987.88134765625 
 488881.76171875 3777137.96875 -6683.44970703125 
 491175.3349609375 3776646.390625 -7666.53857421875 
 492331.5576171875 3776407.296875 -6983.4453125 
 489829.185546875 3777077.734375 -8428.4638671875 
 491074.466796875 3776813.421875 -9106.62109375 
 487766.5830078125 3777481.296875 -7659.88330078125 
 486981.62890625 3777617.421875 -6361.41796875 
 488611.4814453125 3777391.625 -9448.4658203125 
 489786.3486328125 3777199.0625 -10179.47265625 
 487096.7177734375 3777737.515625 -9003.2509765625 
 487556.96484375 3777707.484375 -10331.3740234375 
 486296.4140625 3777796.40625 -7726.9814453125 
 485641.91796875 3778024.1875 -9047.4404296875 
 484813.755859375 3778110.359375 -7739.76025390625 
 486452.9150390625 3777968.859375 -11158.42578125 
 485174.705078125 3778257.71875 -10947.162109375 
 484435.73046875 3778370.015625 -9854.36328125 
 485579.759765625 3778280.25 -12980.4794921875 
 487026.7783203125 3777994.96875 -13338.6708984375 
 484430.404296875 3778520.46875 -12013.322265625 
 483580.201171875 3778900.609375 -13989.2822265625 
 483083.4609375 3778825.40625 -10367.75 
 482539.974609375 3778899.203125 -8954.6162109375 
 482418.486328125 3779105.40625 -11703.66015625 
 482522.419921875 3779167.5 -13102.0908203125 
 481776.232421875 3779179.953125 -10078.9931640625 
 481123.85546875 3779497.828125 -11996.9072265625 
 480608.640625 3779581.828125 -10717.5615234375 
 481199.587890625 3779571.5625 -13373.2890625 
 481957.001953125 3779430.515625 -14715.87109375 
 479775.70703125 3780077.0625 -12439.0048828125 
 480588.791015625 3779897.84375 -14643.998046875 
 478868.517578125 3780391.46875 -10950.1806640625 
 479416.9609375 3780015.296875 -9537.4580078125 
 478206.56640625 3780854.765625 -12698.669921875 
 477802.3515625 3780945.703125 -11459.443359375 
 479003.927734375 3780591.421875 -14308.703125 
 477383.8203125 3781351.1875 -14201.7685546875 
 479439.359375 3780518.296875 -16004.17578125 
 480266.24609375 3780131.921875 -16033.125 
 478614.427734375 3780909.171875 -15981.5 
 477794.345703125 3781308.640625 -15943.2021484375 
 476962.73828125 3781683.65625 -15903.6611328125 
 475726.3984375 3782191.5 -14606.2197265625 
 475726.357421875 3782108.171875 -13283.7451171875 
 476136.73828125 3782070.546875 -15861.1923828125 
 475321.125 3782479.65625 -15829.5888671875 
 474487.818359375 3782850.796875 -15795.875 
 474137.421875 3782890.140625 -13925.337890625 
 473712.431640625 3783155.59375 -15761.62109375 
 474525.298828125 3782627.875 -12431.1904296875 
 475568.95703125 3782099.46875 -11908.2685546875 
 472676.408203125 3783393.46875 -12805.603515625 
 473013.93359375 3783329.921875 -14405.685546875 
 473473.71875 3783005.40625 -11343.9091796875 
 471555.78125 3783749.03125 -11601.783203125 
 474936.072265625 3782330.96875 -10806.9287109375 
 474058.701171875 3782660.4375 -9007.240234375 
 475947.90625 3781784.3125 -9858.6982421875 
 476692.126953125 3781481.71875 -11890.076171875 
 477230.283203125 3781095.0625 -10196.3916015625 
 477787.970703125 3780756.78125 -8987.1650390625 
 477065.9453125 3780977.4375 -7835.05419921875 
 475571.0078125 3781876.796875 -8410.5517578125 
 478735.208984375 3780233.765625 -8141.6201171875 
 478080.482421875 3780429.75 -6545.7451171875 
 479800.755859375 3779677.46875 -7619.6318359375 
 480571.783203125 3779437.265625 -8658.015625 
 479242.6953125 3779822.6875 -6078.544921875 
 478520.82421875 3780081.28125 -4910.38818359375 
 480454.34765625 3779316.078125 -6543.6474609375 
 480018.732421875 3779361.171875 -4933.3486328125 
 481781.8203125 3779008.1875 -7485.3525390625 
 481577.568359375 3778925.453125 -5710.19775390625 
 483370.54296875 3778578.203125 -7720.2197265625 
 482869.3828125 3778641.640625 -6285.98681640625 
 484084.5283203125 3778282.859375 -6692.97216796875 
 484405.09375 3778085.578125 -5464.27880859375 
 482654.787109375 3778613.234375 -4939.28466796875 
 485539.1640625 3777896.859375 -6542.3466796875 
 485924.142578125 3777723.078125 -5194.26806640625 
 487700.037109375 3777356.5 -5235.30615234375 
 486308.6728515625 3777557.953125 -3659.299072265625 
 484857.2119140625 3777833.578125 -3703.9306640625 
 487715.0615234375 3777267.796875 -3875.98681640625 
 486980.3466796875 3777405.015625 -2616.168701171875 
 487384.5703125 3777233.625 -1446.578369140625 
 487738.7802734375 3777058.84375 -605.57757568359375 
 486479.6787109375 3777416.640625 -1478.780517578125 
 486968.8330078125 3777294.34375 -617.47540283203125 
 485712.22265625 3777608.046875 -2511.383056640625 
 484680.7314453125 3777684.953125 -667.91094970703125 
 484292.310546875 3777889.59375 -1966.9698486328125 
 483478.83203125 3778311.046875 -3895.768310546875 
 482798.337890625 3778380.953125 -1868.0302734375 
 482308.390625 3778583.96875 -3175.473876953125 
 481452.330078125 3778847.265625 -4266.09765625 
 480001.400390625 3779201.90625 -2824.87060546875 
 478915.841796875 3779782.34375 -3557.600341796875 
 478436.84375 3779907.84375 -2199.157958984375 
 476854.162109375 3780791.5625 -4352.80517578125 
 477353.220703125 3780664.109375 -5522.08984375 
 477167.09765625 3780530.6875 -2849.30810546875 
 475836.306640625 3781331.5 -2838.48388671875 
 477522.125 3780235.609375 -976.013671875 
 478812.673828125 3779619.375 -886.1522216796875 
 476087.076171875 3780957.359375 -1209.0560302734375 
 477026.69921875 3780324.921875 500.12057495117188 
 475341.0390625 3781534.359375 -1214.4320068359375 
 475710.837890625 3781233.78125 -407.29034423828125 
 474957.126953125 3781792.640625 -2263.254638671875 
 474492.083984375 3781963.265625 -1229.8525390625 
 474564.666015625 3782113.265625 -4279.68212890625 
 473515.98046875 3782572.71875 -3467.248046875 
 475762.853515625 3781559.796875 -4864.79638671875 
 474775.322265625 3782118.46875 -6117.88916015625 
 476359.193359375 3781175.703125 -6134.79541015625 
 475827.669921875 3781673.765625 -7174.63427734375 
 474711.78125 3782231.359375 -7448.95458984375 
 473508.625 3782778.0625 -7285.087890625 
 472921.396484375 3783114.796875 -8660.494140625 
 473446.529296875 3782719.328125 -5789.51513671875 
 472048.61328125 3783326.0625 -6261.74951171875 
 471865.484375 3783471.859375 -8040.45703125 
 472705.21875 3783017.328125 -4519.63037109375 
 471608.15234375 3783434.578125 -5058.27880859375 
 471852.78125 3783233.34375 -2658.50048828125 
 473113.224609375 3782716.8125 -2130.962890625 
 472402.689453125 3782955.734375 -861.16314697265625 
 473468.435546875 3782411.4375 530.97381591796875 
 474137.298828125 3782043.03125 536.3717041015625 
 472789.62890625 3782761.203125 553 
 472098.85546875 3782992.96875 580.06304931640625 
 471419.73046875 3783258.21875 578.33770751953125 
 470679.1484375 3783556.28125 -326.20016479492188 
 470731.59375 3783498.75 566.27349853515625 
 470626.701171875 3783613.8125 -1218.674072265625 
 470574.25390625 3783671.359375 -2111.157958984375 
 470521.810546875 3783728.890625 -3003.6318359375 
 470469.36328125 3783786.421875 -3896.10546875 
 470416.916015625 3783843.96875 -4788.57958984375 
 470364.46875 3783901.5 -5681.0625 
 470312.0234375 3783959.046875 -6573.53662109375 
 470259.578125 3784016.578125 -7466.009765625 
 470207.1328125 3784074.109375 -8358.482421875 
 471340.794921875 3783741.0625 -9791.734375 
 470154.685546875 3784131.65625 -9250.95703125 
 472617.0390625 3783288.21875 -9893.986328125 
 470049.79296875 3784246.734375 -11035.9140625 
 469997.34765625 3784304.265625 -11928.3876953125 
 470102.240234375 3784189.1875 -10143.4404296875 
 471218.919921875 3783924.015625 -12904.2001953125 
 469944.90234375 3784361.796875 -12820.8623046875 
 471830.904296875 3783765.53125 -14098.4775390625 
 469892.45703125 3784419.34375 -13713.345703125 
 469840.01171875 3784476.875 -14605.8193359375 
 470575.15234375 3784265.578125 -15550.58984375 
 469787.56640625 3784534.40625 -15498.29296875 
 471362.7421875 3783996.734375 -15602.8876953125 
 472150.3203125 3783727.921875 -15655.18359375 
 472925.154296875 3783425.125 -15711.4970703125 
 474816.63671875 3781695.078125 522.53094482421875 
 475497.966796875 3781352 481.36605834960938 
 475832.4375 3781044.25 475.1409912109375 
 476166.90625 3780736.5 468.91598510742188 
 477906.203125 3779955.3125 508.38699340820312 
 478761.505859375 3779532.875 509.63131713867188 
 479610.96875 3779102.75 567.255615234375 
 480065.23046875 3779030.078125 -1002.2693481445312 
 480328.90234375 3778818.3125 597.015625 
 481428.6171875 3778682.5625 -1812.7578125 
 482067.94140625 3778480.9375 -664.50689697265625 
 483463.3359375 3778097.703125 -650.4443359375 
 483080.40625 3778154.5 589.2445068359375 
 484257.091796875 3777773.5625 -43.175754547119141 
 484861.9677734375 3777540.265625 684.5 
 483559.048828125 3777973.625 637.35589599609375 
 484037.6875 3777792.75 685.46697998046875 
 484449.830078125 3777666.5 684.98345947265625 
 485494.130859375 3777450.640625 679.53173828125 
 486208.1630859375 3777382.9375 -388.26907348632812 
 486117.466796875 3777328.75 733.3717041015625 
 486602.8525390625 3777314.578125 96.722503662109375 
 486472.205078125 3777293.484375 707.32666015625 
 486826.943359375 3777258.234375 681.28125 
 487441.1826171875 3777085.921875 690.8612060546875 
 488042.3125 3776871.75 673.7611083984375 
 488923.0166015625 3776639.21875 744.99560546875 
 489810.8798828125 3776435.796875 818.07183837890625 
 490693.2578125 3776213.078125 901.75 
 491135.2333984375 3775986.3125 874.87469482421875 
 482412.453125 3778315.46875 608.087890625 
 481741.5703125 3778462.53125 619.34844970703125 
 481063.904296875 3778577.25 613.00494384765625 
 480897.556640625 3779889.15625 -16057.1220703125 
 481529.07421875 3779646.28125 -16073.125 
 482343.6171875 3779406.765625 -16099.6357421875 
 483155.21875 3779156.65625 -16116.4140625 
 483969.8369140625 3778916.828125 -16137.5361328125 
 485251.623046875 3778452.859375 -14455.2919921875 
 484783.6669921875 3778674.921875 -16164.25 
 486522.0029296875 3778174.609375 -14844.9521484375 
 485692.4140625 3778447.765625 -16183.541015625 
 487833.5595703125 3777890.234375 -14690.32421875 
 488271.64453125 3777651.296875 -12514.69140625 
 487424.314453125 3778072.234375 -16204.5078125 
 488240.1279296875 3777892.328125 -16216.2548828125 
 486605.40234375 3778237.765625 -16194 
 489058.849609375 3777727.703125 -16239.75 
 489536.9306640625 3777507.53125 -14128.298828125 
 489966.6884765625 3777584.171875 -16257.83203125 
 489769.271484375 3777350.71875 -12428.2177734375 
 491346.8125 3777104.78125 -13022.3994140625 
 488732.458984375 3777468.65625 -11062.599609375 
 491089.369140625 3776921.390625 -10557.767578125 
 491729.599609375 3776944.296875 -11739.8193359375 
 492580.67138671875 3776707.296875 -10125.6572265625 
 492506.27587890625 3776546 -8556.96484375 
 493940.55126953125 3776732.1875 -10900.888671875 
 495458.84423828125 3776628.375 -10919.158203125 
 492929.7919921875 3776925.015625 -12318.505859375 
 495302.30712890625 3776844 -12416.666015625 
 492176.9775390625 3777246.484375 -14587.7109375 
 490776.2177734375 3777400.40625 -14836.990234375 
 493828.1298828125 3777127.171875 -13802.78125 
 493777.72265625 3777298.078125 -15112.6416015625 
 495566.7021484375 3777129.28125 -14651.2216796875 
 496219.85375976562 3776919 -13447.7939453125 
 497349.76245117188 3776920.765625 -14778.95703125 
 497303.64379882812 3776614.875 -12654.7841796875 
 496668.29663085938 3776614.828125 -11477.626953125 
 496752.89770507812 3776394 -10162.576171875 
 498882.13195800781 3776548.078125 -15384.107421875 
 497767.79223632812 3777049.453125 -16411.0390625 
 500200.96012878418 3776261.625 -16475.392578125 
 499285.796875 3776575.75 -16449.748046875 
 501115.609375 3775946 -16501.162109375 
 501574.873046875 3775618.8125 -15911.2568359375 
 501437.85388183594 3775785.875 -16514.203125 
 502341.17651367188 3775445.96875 -16541.935546875 
 501760.10559082031 3775625.75 -16527.244140625 
 502922.26000976562 3775266.171875 -16556.62890625 
 503512.33154296875 3775207.046875 -16573.626953125 
 504102.39453125 3775147.9375 -16590.625 
 498529.83642578125 3776822.6875 -16429.578125 
 497000.837890625 3777260.015625 -16393.8125 
 496046.43872070312 3777330.90625 -16387.853515625 
 495091.83544921875 3777398.703125 -16381.6298828125 
 494136.8251953125 3777460.515625 -16373.5 
 493322.5947265625 3777455.875 -16344.3720703125 
 492508.33740234375 3777436.21875 -16323.900390625 
 491694.4287109375 3777444.140625 -16290.06640625 
 490880.826171875 3777484.8125 -16271.125 
 492252.1064453125 3775508.25 778.83380126953125 
 492921.865234375 3775233.546875 766.75 
 493872.00146484375 3775135.875 854.0343017578125 
 494826.888671875 3775061.671875 900.18780517578125 
 495795.70849609375 3775286.65625 -1198.8682861328125 
 496260.93676757812 3775007.90625 49.080394744873047 
 496970.1875 3774663.75 1181.7813720703125 
 498140.88049316406 3774478.109375 -76.420143127441406 
 496374.16430664062 3774827.375 1087.8912353515625 
 495778.134765625 3774991.015625 994 
 497703.21215820312 3774424.3125 1211.919921875 
 498434.56018066406 3774179.25 1217.4776611328125 
 499164.283203125 3773928.78125 1199.328369140625 
 499225.39080810547 3774215.25 -819.98980712890625 
 500094.87267303467 3773756.125 79.559738159179688 
 499892.90573120117 3773677 1232.1055908203125 
 500784.72760009766 3773469.21875 -55.475795745849609 
 501506.55993652344 3773266.203125 -170.89268493652344 
 500398.17666625977 3773522.171875 597.9578857421875 
 501118.4736328125 3773176.96875 1222.7733154296875 
 500537.39898681641 3773356.75 1205.9217529296875 
 501699.55261230469 3772997.171875 1239.625 
 502588.3623046875 3772794.484375 1304.36865234375 
 503179 3772907.5625 -307.0341796875 
 503477.98974609375 3772592.484375 1358.9794921875 
 504368.03173828125 3772390.9375 1408.482666015625 
 505044.18701171875 3772515.984375 -271.70114135742188 
 505256.77197265625 3772201.046875 1505.1187744140625 
 505371.509765625 3772640.703125 -1502.6845703125 
 506118.69921875 3772650.921875 -2540.925048828125 
 506785.07080078125 3772197.921875 -675.12347412109375 
 506144.10546875 3771995.71875 1575.4691162109375 
 507380.95068359375 3772274.0625 -1976.234375 
 508111.22021484375 3772420.40625 -3716.966064453125 
 508570.3642578125 3771729.1875 -52.370033264160156 
 507390.90234375 3771892.09375 405.29852294921875 
 508783.900390625 3771991.84375 -1888.4244384765625 
 510015.3759765625 3771586.640625 -1085.6767578125 
 509772.9736328125 3771988.359375 -3107.793701171875 
 509857.5048828125 3772238.015625 -4656.689453125 
 511001.00390625 3771518.421875 -2249.415283203125 
 511108.861328125 3771783.5 -3866.07666015625 
 511341.1962890625 3771182.640625 -802.49237060546875 
 512750.626953125 3771088.78125 -827.2926025390625 
 510475.8857421875 3771205.0625 317.23928833007812 
 512083.2724609375 3770858.03125 579.32568359375 
 510703.36328125 3770850.546875 1934.3995361328125 
 513045.30859375 3770834.453125 580.30712890625 
 513796.87109375 3770999.625 -301.84002685546875 
 512473.921875 3770703.65625 1341.1405029296875 
 511648.71875 3770599.5 2070.0205078125 
 513973.333984375 3770789.8125 836.96514892578125 
 513305.24609375 3770531.578125 2315.9541015625 
 515445.5859375 3770715.0625 117.43133544921875 
 515526.5673828125 3770477.359375 1327.039306640625 
 514568.982421875 3771151.9375 -1277.40234375 
 516230.2587890625 3770789.859375 -1163.0228271484375 
 513324.271484375 3771358.328125 -2354.82421875 
 515366.375 3771256.453125 -2779.720947265625 
 514173.107421875 3771556.078125 -3461.63427734375 
 512648.1416015625 3771650.390625 -3838.10986328125 
 515355.5419921875 3771484.46875 -4030.389404296875 
 514417.32421875 3771794.34375 -4828.390625 
 517026.685546875 3770885.015625 -2668.070556640625 
 517485.84765625 3771026.3125 -3963.443115234375 
 518952.57421875 3770497.359375 -2675.79931640625 
 516409.76953125 3771423.65625 -4736.01220703125 
 517606.3828125 3771276.375 -5429.6533203125 
 515357.4677734375 3771951.015625 -6621.9140625 
 516586.056640625 3771658.96875 -6200.5576171875 
 513793.6298828125 3772062.140625 -6289.2744140625 
 513143.5615234375 3771864.21875 -5163.4287109375 
 513598.861328125 3772380.578125 -8076.4306640625 
 515221.919921875 3772381.3125 -8826.4892578125 
 512294.453125 3772218.609375 -6856.1279296875 
 511833.626953125 3771924.46875 -5275.65283203125 
 510591.236328125 3772362.015625 -6303.51123046875 
 509336.84765625 3772646.28125 -6258.95361328125 
 508345.6708984375 3772654.6875 -5441.076171875 
 509360.50390625 3772860.953125 -7527.92919921875 
 510673.544921875 3772577.390625 -7631.3037109375 
 507196.88232421875 3773055.703125 -6707.68115234375 
 513226.8076171875 3772709.40625 -9801.6982421875 
 514851.6015625 3772812.625 -10719.5556640625 
 512820.3251953125 3773089.46875 -11704.3779296875 
 516531.767578125 3772237.390625 -9192.5693359375 
 516674.8828125 3772457.125 -10538.677734375 
 516538.806640625 3771981.140625 -7845.328125 
 517865.072265625 3771839.78125 -8888.0107421875 
 517768.416015625 3771479.15625 -6793.869140625 
 518815.775390625 3772111.546875 -10796.6796875 
 517574.224609375 3772540 -12187.7646484375 
 519954.443359375 3771529.421875 -9009.8349609375 
 520070.568359375 3771724.953125 -10371.63671875 
 519284.107421875 3771429.90625 -7479.26513671875 
 520922.12890625 3771102.96875 -8163.5927734375 
 518873.4609375 3771186.140625 -5966.185546875 
 520748.029296875 3770932.15625 -6832.75146484375 
 518704.009765625 3770906.71875 -4588.02978515625 
 520108.728515625 3770867.71875 -5357.7392578125 
 520724.814453125 3770452.984375 -3930.02587890625 
 520997.208984375 3770105.921875 -2278.638916015625 
 521975.923828125 3770181.609375 -3893.351806640625 
 519630.494140625 3770240.859375 -1589.9925537109375 
 520625.970703125 3769957.46875 -796.3443603515625 
 518699.12109375 3770187.65625 -1134.1925048828125 
 519583.373046875 3769977.109375 -313.34793090820312 
 517699.33203125 3770449.546875 -1163.214599609375 
 518087.396484375 3770179.59375 -300.18148803710938 
 516640.880859375 3770427.734375 237.45695495605469 
 518689.412109375 3769866.125 411.76165771484375 
 519571.744140625 3769742.671875 814.84307861328125 
 517767.01953125 3770096.28125 626.5921630859375 
 518355.638671875 3769791.46875 1323.893798828125 
 516973.51171875 3770131.40625 1387.7879638671875 
 517698.662109375 3769984.671875 1298.288330078125 
 515909.91015625 3770179.265625 2463.280029296875 
 515299.548828125 3770315.671875 2530.97021484375 
 516616.912109375 3770020.109375 2421.17041015625 
 517324.486328125 3769861.46875 2393.192138671875 
 518086.36328125 3769789.078125 1827.7271728515625 
 518033.04296875 3769703.71875 2389.625 
 518770.94140625 3769502.171875 2141.875 
 519432.705078125 3769495.546875 2031.3753662109375 
 518401.994140625 3769602.9375 2265.74951171875 
 520094.47265625 3769488.921875 1920.875 
 520242.072265625 3769693.953125 904.61090087890625 
 520121.041015625 3769848.90625 186.58036804199219 
 520756.23828125 3769482.296875 1810.375 
 520856.51953125 3769568.328125 1152.4521484375 
 521107.775390625 3769409.703125 1754.875244140625 
 520778.189453125 3769695.46875 498.21337890625 
 521543.798828125 3769466.40625 844.98779296875 
 521487.734375 3769606.796875 -25.823375701904297 
 522108.67578125 3769806.171875 -1273.411865234375 
 522343.86328125 3769578.4375 174.08232116699219 
 522718.76953125 3769407.203125 812.07659912109375 
 523386.62890625 3769313.78125 -757.33343505859375 
 523391.3203125 3769150.609375 367.33612060546875 
 522435.263671875 3769948.046875 -2709.10791015625 
 523850.392578125 3769374.40625 -2877.740234375 
 523586 3769670.828125 -4133.470703125 
 522691.001953125 3770161.515625 -4953.60693359375 
 524132.998046875 3769637.59375 -5519.67822265625 
 521436.865234375 3770491.109375 -5317.89892578125 
 522225.955078125 3770565.125 -6427.376953125 
 522180.015625 3770869.359375 -8527.6611328125 
 523607.60546875 3770068.96875 -7021.96435546875 
 521266.005859375 3771255.21875 -9569.3447265625 
 522933.962890625 3770805.296875 -10321.0791015625 
 521273.8359375 3771485.875 -11003.060546875 
 519713.2109375 3772056.5625 -11736.8349609375 
 520760.09375 3771875.484375 -12487.3955078125 
 522263.533203125 3771475.59375 -12848.8388671875 
 519283.62109375 3772364.546875 -12927.2578125 
 519677.271484375 3772498.765625 -14307.958984375 
 518501.947265625 3772710.140625 -13847.4130859375 
 517289.412109375 3772962.890625 -13998.6416015625 
 518537.142578125 3772913.890625 -15086.1982421875 
 519880.9765625 3772728.421875 -16022.1376953125 
 517187.09765625 3773350.421875 -15921.951171875 
 516119.4267578125 3773480.375 -15243.7265625 
 518793.458984375 3773130 -16703.146484375 
 517496.064453125 3773637.3125 -17839.443359375 
 520636.927734375 3772645.421875 -16865.21484375 
 521748.6875 3772121.546875 -16101.4287109375 
 519942.203125 3773053.609375 -18062.3046875 
 520532.208984375 3772863 -17977.46484375 
 519131.720703125 3773271.3125 -17997.740234375 
 518313.681640625 3773453.453125 -17918.697265625 
 521122.228515625 3772672.375 -17892.625 
 521832.623046875 3772234.015625 -17003.27734375 
 521648.9453125 3772451.296875 -17870.4375 
 523098.154296875 3771594.90625 -16382.2958984375 
 522480.35546875 3771592.109375 -14365.53515625 
 522885.771484375 3771895.625 -17801.22265625 
 523589.416015625 3771547.3125 -17762.06640625 
 522175.650390625 3772230.234375 -17848.25 
 524282.146484375 3771175.984375 -17736.125 
 524673.474609375 3770820.484375 -16290.654296875 
 525184.619140625 3770789.25 -17740.392578125 
 523709.224609375 3771126.6875 -15139.5498046875 
 524960.45703125 3770541.765625 -15091.91015625 
 525742.916015625 3770328.6875 -16054.193359375 
 524148.65625 3770602.640625 -13015.9619140625 
 525496.794921875 3770145.234375 -13802.552734375 
 523246.09375 3770920.53125 -11818.8974609375 
 521058.46875 3772113.15625 -14439.2470703125 
 524976.59765625 3770143.359375 -12069.9443359375 
 524673.576171875 3770103.375 -10764.703125 
 523919.09765625 3770267.390625 -9774.5419921875 
 526339.12109375 3769261.625 -10665.9580078125 
 525724.61328125 3769351.171875 -8791.2578125 
 526103.701171875 3769658.46875 -12582.6123046875 
 526885.423828125 3769001.953125 -11813.21875 
 527037.259765625 3769103.703125 -13205.7978515625 
 527085.8671875 3769270.734375 -14448.5556640625 
 527935.755859375 3768308.984375 -12046.7998046875 
 527841.5546875 3768231.71875 -11099.1005859375 
 528029.95703125 3768386.25 -12994.5 
 528124.158203125 3768463.515625 -13942.2001953125 
 528218.359375 3768540.78125 -14889.900390625 
 527158.029296875 3769392.046875 -15542.8544921875 
 526097.783203125 3770019.828125 -15116.6708984375 
 528312.5625 3768618.046875 -15837.599609375 
 527506.64453125 3769273.25 -16587.740234375 
 528406.763671875 3768695.3125 -16785.30078125 
 526645.6875 3769902.875 -16362.71484375 
 526976.255859375 3769913.453125 -17688.451171875 
 526246.828125 3770201.578125 -16966.603515625 
 526082.951171875 3770394.28125 -17709.75 
 526529.59765625 3770153.875 -17699.1015625 
 527517.169921875 3769442.953125 -17714.470703125 
 528147.775390625 3768887.828125 -17394.08203125 
 528057.55078125 3768971.84375 -17740.62890625 
 528453.86328125 3768733.9375 -17259.150390625 
 528279.251953125 3768872.21875 -17736.814453125 
 528500.96484375 3768772.578125 -17733 
 527747.35546875 3768154.4375 -10151.3994140625 
 526657.482421875 3768812.515625 -9505.1796875 
 527653.154296875 3768077.171875 -9203.7001953125 
 526456.955078125 3768704.09375 -7815.4697265625 
 525175.775390625 3769449.265625 -7328.03564453125 
 527558.953125 3767999.90625 -8256 
 527464.751953125 3767922.640625 -7308.30029296875 
 527370.55078125 3767845.375 -6360.6005859375 
 525684.619140625 3768951.25 -5938.693359375 
 527276.34765625 3767768.109375 -5412.8994140625 
 524803.701171875 3769184.5625 -4079.0234375 
 524215.259765625 3770009.9375 -8575.568359375 
 526032.041015625 3768439.171875 -4023.9560546875 
 525577.470703125 3768466.046875 -2136.72509765625 
 524480.103515625 3768987.46875 -1513.0286865234375 
 525399.48828125 3768357.640625 -390.75421142578125 
 523992.556640625 3768992.828125 -232.27189636230469 
 524120.607421875 3768848.125 611.8287353515625 
 525092.2265625 3768368.125 1328.875 
 523393.693359375 3769068.015625 936.633544921875 
 523548.03125 3768897 1463 
 523243.875 3769081.875 1493.5 
 524333.462890625 3768673.40625 1392.9097900390625 
 522939.71875 3769266.75 1524 
 522618.0625 3769332.328125 1557.75 
 522296.40625 3769397.90625 1591.5 
 521877.861328125 3769367.5 1645.4375 
 521459.31640625 3769337.09375 1699.375 
 526038.84765625 3767671.609375 481.52774047851562 
 526805.33984375 3767381.78125 -674.40045166015625 
 525632.568359375 3767898.125 1267.9932861328125 
 526173.51953125 3767426.515625 1226.625 
 526301.64453125 3767423.609375 839.996826171875 
 526711.138671875 3767304.515625 273.30029296875 
 526395.224609375 3767326.890625 1223.8125 
 526664.037109375 3767265.890625 747.14886474609375 
 526616.9375 3767227.25 1221 
 526899.54296875 3767459.046875 -1622.10009765625 
 526993.744140625 3767536.3125 -2569.7998046875 
 527087.9453125 3767613.578125 -3517.5 
 527182.146484375 3767690.84375 -4465.2001953125 
 516678.3359375 3773820.71875 -17760.244140625 
 515557.29296875 3773792.171875 -16436.7734375 
 515860.453125 3774003.5 -17681.123046875 
 515101.107421875 3774054.4375 -17624.1015625 
 514039.080078125 3773871.921875 -16347.396484375 
 514865.7734375 3773643.59375 -15349.783203125 
 514340.7275390625 3774085.34375 -17569.78515625 
 513579.8056640625 3774106.6875 -17516.7578125 
 512772.2431640625 3773969.328125 -16464.3203125 
 512819.98046875 3774150.9375 -17460.626953125 
 512557.0712890625 3773785.71875 -15491.1103515625 
 512129.1767578125 3773906.109375 -16272.353515625 
 514384.0888671875 3773452.546875 -14093.005859375 
 515732.578125 3773323.453125 -14040.3056640625 
 513921.0888671875 3773183 -12540.4931640625 
 515297.3984375 3773070.3125 -12518.8935546875 
 516457.94140625 3772980.5625 -13031.5185546875 
 516343.6943359375 3772771.1875 -11777.162109375 
 512394.1025390625 3774026.375 -16880.775390625 
 512169.3828125 3774107.078125 -17393.25 
 512494.673828125 3774129 -17426.9375 
 514689.1904296875 3770452.0625 2598.659912109375 
 513997.966796875 3770498.421875 2454.940673828125 
 512610.125 3770543.5 2184.56787109375 
 512129.421875 3770571.5 2127.294189453125 
 509762.732421875 3771132.734375 1827.8504638671875 
 508809.15625 3771383.75 1767.4207763671875 
 507919.01123046875 3771575.984375 1690.31689453125 
 507030.21142578125 3771777.09375 1623.0987548828125 
 500215.15249633789 3773516.875 1219.0137939453125 
 500308.38397216797 3774715.65625 -6723.52392578125 
 499968.83689498901 3774659.9375 -5415.916015625 