533102.53515625 3766976.125 -8090.65283203125 
532108.16796875 3767338.296875 -9016.0673828125 
533586.60546875 3766863.03125 -10225.5947265625 
531600.7421875 3767570.265625 -11003.0693359375 
534429.3515625 3766519.4375 -8243.9443359375 
532268.546875 3767170.953125 -6958.814453125 
530945.9921875 3767680.8125 -8490.23828125 
533787.3984375 3766657.765625 -6761.1396484375 
533096.32421875 3766722.53125 -5235.44482421875 
 535716.60546875 3765966.90625 -6973.70849609375 
 536007.94921875 3765938.71875 -8426.814453125 
 534920.87890625 3766156.109375 -5729.7392578125 
 536439.79296875 3765552.0625 -5733.25341796875 
 535908.015625 3765630.296875 -4477.5068359375 
 537076.75 3765427.390625 -7230.65185546875 
 537564.75 3765094.75 -6120.88427734375 
 537187.65234375 3765463.4375 -8646.673828125 
 537295.65625 3765508.34375 -9926.0263671875 
 538254.796875 3764952.96875 -8141.6474609375 
 539035.6796875 3764653.90625 -9451.595703125 
 539484.25390625 3764196.609375 -7570.22314453125
 538038.203125 3765291.953125 -11434.890625 
 536422.9140625 3765913.203125 -11329.650390625 
 539495.1640625 3764557.234375 -10818.7255859375 
 539418.625 3764751.734375 -12245.9716796875 
 540110.63671875 3764007.96875 -9165.0859375 
 540645.625 3763842.75 -10322.2880859375 
 540924.58984375 3763325.96875 -8443.9931640625 
 540737.6015625 3763199.59375 -6585.4111328125 
 541488.15625 3763133.015625 -9612.6416015625 
 542459.0703125 3762302.171875 -8849.8525390625 
 541638.3359375 3763323.46875 -11211.28515625 
 540560.15625 3764085.796875 -11732.52734375 
 542677.8515625 3762490.03125 -10702.2568359375 
 542787.26953125 3762583.984375 -11628.45703125 
 542568.4453125 3762396.09375 -9776.0556640625 
 542087.77734375 3763255.546875 -12958.1923828125
 541191.4453125 3763848.9375 -12987.5654296875 
 542896.6875 3762677.921875 -12554.65625 
 542959.125 3762720.9375 -13305.341796875 
 543021.5625 3762763.96875 -14056.025390625 
 541649.234375 3763688.953125 -14232.890625 
 543084 3762807 -14806.7109375 
 540225.99609375 3764497.515625 -13987.6396484375
 540645.92578125 3764442.9375 -15468.2705078125 
 541432.8515625 3764031.859375 -15499.28125 
 539858.99609375 3764854.03125 -15437.2607421875 
 539072.0703125 3765265.109375 -15406.25 
 538723.03515625 3765230.109375 -13730.919921875 
 538305.04296875 3765552.734375 -15358.1162109375
 537210.07421875 3765738.84375 -12834.5517578125 
 537180.9765625 3765862.59375 -14095.00390625 
 535503.6328125 3766365.671875 -13436.6484375 
 534678.83984375 3766522.546875 -11823.1767578125
 533759.640625 3766943.4375 -13553.787109375 
 535414.90234375 3766210.75 -9980.525390625 
 533195.828125 3767036.390625 -11742.4462890625 
 532337.5625 3767419.15625 -13000.8349609375 
 532739.162109375 3767468.484375 -15094.510742187
 531158.787109375 3767820.78125 -12767.33203125 
 530436.46875 3767976.28125 -11603.6767578125 
 531655.154296875 3767759.890625 -13936.19921875 
 529958.884765625 3768208.40625 -12873.0947265625
 530386.142578125 3768245.75 -15035.8779296875 
 529267.74609375 3768279.140625 -11119.3017578125
 530387.4765625 3767907.140625 -9988.6953125 
 528146.138671875 3768587.375 -11688.8447265625 
 528125.7578125 3768710.625 -13378.455078125 
 528651.49609375 3768374.15625 -9973.0068359375 
 526616.248046875 3768806.609375 -10647.399414062
 529682.814453125 3768046.203125 -8531.9501953125
 527931.685546875 3768497.796875 -8843.96484375 
 528057.30078125 3768396.453125 -7512.12548828125
 526621.1015625 3768743.734375 -8772.8603515625 
 525327.89453125 3768956.0625 -9301.5107421875 
 526483.044921875 3768711.0625 -7443.884765625 
 526683.1171875 3768565.578125 -6128.39501953125 
 525213.9140625 3768853.25 -7062.25927734375 
 524171.50390625 3769008.6875 -8482.939453125 
 525256.6796875 3768724.359375 -5356.40771484375 
 526460.603515625 3768462.46875 -4781.76953125 
 523780.3046875 3768884.6875 -6016.82177734375 
 523648.09765625 3768970.53125 -7302.18408203125 
 524113.416015625 3768759.3125 -4798.91650390625 
 525477.1953125 3768491.5 -3752.944091796875 
 522285.08203125 3768875.421875 -5526.3056640625 
 523564.09375 3768675.484375 -3650.151123046875 
 521693.078125 3768758.015625 -4062.38818359375 
 524693.8984375 3768319.515625 -2139.124267578125
 526164.49609375 3768243.28125 -2607.250732421875
 522627.27734375 3768417.75 -1851.145751953125 
 523747.73828125 3768215.671875 -1239.48327636718
 521599.625 3768558.4375 -2718.178466796875 
 520460.125 3768414.96875 -1982.023681640625 
 519490.62109375 3768533.265625 -3047.2998046875 
 520707.474609375 3768806.265625 -5019.8115234375
 519113.712890625 3768298.625 -1765.6568603515625
 518943.130859375 3767969.34375 -461.274200439453
 518101.50390625 3768435.90625 -2632.040771484375
 519442.1484375 3768723.75 -4486.16650390625 
 517236.26171875 3768131.96875 -1288.83618164062
 516269.015625 3768294.4375 -2535.67138671875 
 517157.365234375 3767720.78125 260.476226806640
 518532.20703125 3767561.046875 676.64208984375 
 515597.40234375 3767948.078125 -854.36627197265
 515375.876953125 3767492.5 759.29376220703125 
 514952.7919921875 3768144.734375 -2710.93286132
 514174.3154296875 3767795.71875 -1662.410888671
 515208.2275390625 3768385.0625 -4003.3874511718
 517171.177734375 3768595.6875 -4402.59423828125
 513442.3564453125 3767983.984375 -3110.48486328
 513809.6630859375 3768452.046875 -5203.62060546
 512339.7197265625 3767688.625 -2574.57006835937
 512595.849609375 3767372.625 -1389.479370117187
 512104.134765625 3768161.546875 -4556.826660156
 510946.6669921875 3768039.546875 -4017.76025390
 511066.359375 3768559.53125 -6008.9599609375 
 511126.7880859375 3767549.5625 -2820.2094726562
 509707.3056640625 3768178.421875 -4306.59960937
 510492.8984375 3767128.96875 -1732.904907226562
 510878.5908203125 3766658.125 -552.897338867187
 509247.5087890625 3767513.140625 -2000.44995117
 508837.4404296875 3768059.46875 -3233.880126953
 509577.0283203125 3766684.40625 -220.2746124267
 508041.9638671875 3767628.1875 -1308.3771972656
 510012.740234375 3766215.90625 397.756561279296
 509232.2041015625 3766307.15625 666.99884033203
 510811.640625 3766114.3125 673.75732421875 
 509557.5146484375 3765998.921875 1051.970214843
 511867.841796875 3766226.9375 798.9821166992187
 511080.64453125 3765715.140625 1614.33569335937
 512527.3759765625 3766677.828125 150.3107147216
 512432.4052734375 3766419.71875 757.01434326171
 514032.4384765625 3767370.90625 347.71963500976
 512957.671875 3766659.1875 902.9498291015625 
 513926.09765625 3767121.25 1130.27294921875 
 512708.9921875 3766337.515625 1257.031372070312
 513272.0693359375 3766448.140625 1708 
 512198.474609375 3765893.90625 1700.5 
 511760.2880859375 3765715.140625 1692.999877929
 512636.65234375 3766072.65625 1708 
 512954.3564453125 3766260.40625 1708 
 513653.255859375 3766690.8125 1809.4990234375 
 514034.44921875 3766933.46875 1911 
 514815.5126953125 3767037.40625 1991.0817871093
 515600.689453125 3767094.09375 2073.63232421875
 516618.6953125 3767409.296875 1146.484497070312
 516387.224609375 3767135.140625 2156.9997558593
 517058.029296875 3767071.34375 2051.71118164062
 517730.017578125 3767043.640625 1943.1215820312
 518402.9140625 3767043.640625 1832 
 518952.6640625 3767135.265625 1782 
 519502.4140625 3767226.890625 1732 
 520248.87890625 3767835.71875 237.1206817626953
 520448.158203125 3767332.03125 1632.60131835937
 521395.150390625 3767420.53125 1529.6015625 
 521672.1640625 3768005.8125 -252.90530395507812
 522342.6953125 3767501.640625 1425 
 523179.3515625 3767935.421875 -96.0025787353515
 523291.37109375 3767448.3125 1340.5 
 524240.046875 3767395 1256 
 524673.955078125 3767918.421875 -388.7894897460
 524997.751953125 3767304.75 1240.333251953125 
 526208.353515625 3767910 -1290.9903564453125 
 526171.248046875 3767540.96875 -7.4571371078491
 527470.943359375 3767918.15625 -2433.296875 
 528017.736328125 3767385.109375 -688.5061645507
 527606.974609375 3768157.140625 -4113.979492187
 529105.81640625 3767521.09375 -2664.8046875 
 527861.5234375 3768261.4375 -5475.947265625 
 529201.482421875 3767959.5 -5601.6015625 
 529321.2890625 3768050.5625 -7008.80859375 
 530667.232421875 3767688.25 -7195.7783203125 
 531021.330078125 3767434.234375 -5546.067382812
 532640.013671875 3766632.390625 -3867.652832031
 534628.04296875 3766026.203125 -4220.833984375 
 531270.369140625 3767037.671875 -3705.275634765
 529804.693359375 3767587.046875 -4141.018554687
 532378.365234375 3766109.21875 -1746.6379394531
 530443.1328125 3767061.140625 -2542.08471679687
 533667.98828125 3766115.515625 -3009.8684082031
 533540.515625 3765404.1875 -1035.824462890625 
 535026.08984375 3765572.296875 -2808.2258300781
 534777.8828125 3765223.515625 -1392.93994140625
 536454.6875 3765187.4375 -3318.976318359375 
 535975.87109375 3764987.890625 -1845.9499511718
 537396.67578125 3764979.5 -4551.5302734375 
 537515.98828125 3764518.25 -2431.08544921875 
 538668.47265625 3764517.40625 -5890.35693359375
 538651.30859375 3764217.375 -3792.488525390625 
 539769.3125 3763831.75 -5997.609375 
 539857.61328125 3763592.8125 -4746.96240234375 
 540960.3984375 3762729.796875 -4710.22021484375
 540455.16015625 3762795.734375 -2869.49609375 
 542130.93359375 3762020.375 -6071.23583984375 
 542240.31640625 3762114.3125 -6997.4404296875 
 542021.546875 3761926.453125 -5145.0322265625 
 541912.16015625 3761832.515625 -4218.8271484375
 541802.7890625 3761738.59375 -3292.621826171875
 541693.421875 3761644.65625 -2366.413330078125 
 540127.109375 3762675.640625 -1192.338012695312
 541584.0546875 3761550.734375 -1440.20666503906
 538861.31640625 3763782.234375 -2225.5305175781
 538731.046875 3763337.515625 -788.9561157226562
 537293.171875 3764146.328125 -967.9800415039062
 535884.29296875 3764504.703125 -511.29473876953
 536825.26171875 3763672.703125 708.333374023437
 534304.69921875 3764893.203125 -224.10810852050
 535447.015625 3764160 801 
 533004.37109375 3764807.234375 911 
 531780.150390625 3765805.265625 -357.3271179199
 533818.5859375 3764591.484375 874.333251953125 
 534632.80078125 3764375.75 837.666748046875 
 532090.40234375 3765182.21875 935.6932373046875
 530956.681640625 3766523.53125 -1333.6995849609
 529908.24609375 3766569.203125 -292.18820190429
 529240.8359375 3767218.125 -1315.91552734375 
 528435.6328125 3766677.140625 1106 
 527474.396484375 3766900.6875 1157.499877929687
 529349.12890625 3766304.3125 1050.5684814453125
 530262.62890625 3765931.46875 995.1368408203125
 531176.435546875 3765557.203125 960.38635253906
 526513.15625 3767124.25 1209 
 525755.455078125 3767214.5 1224.6666259765625 
 536136.140625 3763916.34375 754.66668701171875 
 537514.3828125 3763429.046875 662 
 538244.65234375 3763106.828125 623.666748046875
 538974.92578125 3762784.609375 585.333251953125
 539705.1953125 3762462.390625 547 
 540618.94921875 3762082.890625 -459.46670532226
 540295.0234375 3762127.203125 526.6666870117187
 540884.859375 3761792 506.33328247070312 
 541474.6875 3761456.8125 -14 
 541474.6875 3761456.8125 486 
 541474.6875 3761456.8125 -514 
 542349.69140625 3762208.234375 -7923.6455078125
 510399.041015625 3765707.125 1560.531005859375 
 509715.837890625 3765692.5625 1527.000122070312
 509373.09375 3765776.84375 1553.5001220703125 
 509030.3515625 3765861.125 1580 
 508341.236328125 3766156.03125 1624 
 507684.3916015625 3767195.5 -26.897287368774414
 507652.12060546875 3766450.9375 1668 
 506503.9814453125 3768150.25 -1156.143676757812
 506248.7548828125 3767643.5625 291.532867431640
 507639.4833984375 3768181.953125 -2548.96850585
 506438.3876953125 3768518.875 -2363.8837890625 
 507230.5693359375 3768766.4375 -4227.2348632812
 508476.455078125 3768633.375 -4920.28564453125 
 507648.3603515625 3769053.859375 -6036.85449218
 509904.90234375 3768500.28125 -5525.75341796875
 509391.064453125 3768822.75 -6655.3876953125 
 510752.822265625 3768893.765625 -7684.930175781
 509261.5478515625 3769166.46875 -8725.763671875
 512522.18359375 3768741.15625 -7075.75439453125
 512611.8740234375 3768471.859375 -5762.25927734
 512878.6708984375 3768979.75 -8772.833984375 
 513969.9482421875 3768809.203125 -7678.28320312
 511241.2353515625 3769108.515625 -9329.86230468
 512880.75 3769135.328125 -10025.970703125 
 509930.2734375 3769302.296875 -10152.763671875 
 508463.8837890625 3769531.46875 -10641.4375 
 510970.146484375 3769290.234375 -10826.32226562
 510076.9208984375 3769401.53125 -11708.04492187
 512186.921875 3769249.75 -11079.2314453125 
 511471.1318359375 3769394.1875 -12600.293945312
 512933.1591796875 3769336.921875 -12574.5332031
 510163.45703125 3769500.625 -13041.0595703125 
 508385.3984375 3769719.71875 -12588.84765625 
 511248.25390625 3769537.703125 -14257.708007812
 511914.59375 3769493.578125 -14208.375 
 510581.9072265625 3769581.8125 -14307.041992187
 509915.5693359375 3769625.9375 -14356.375 
 508981.787109375 3769787.421875 -14418.5 
 508048.0048828125 3769948.90625 -14480.625 
 507040.5888671875 3770002.09375 -13087.01464843
 507643.52880859375 3769768 -11579.431640625 
 507114.22265625 3770110.390625 -14542.75 
 506170.45751953125 3770288.046875 -14556.258789
 505661.8955078125 3770225.40625 -12663.81933593
 505226.69580078125 3770465.6875 -14569.76855468
 506573.5341796875 3769907.671875 -10944.8574218
 504845.32275390625 3770231.03125 -10882.5966796
 507242.58154296875 3769594.4375 -9018.897460937
 506115.787109375 3769876.03125 -9695.400390625 
 505951.48291015625 3769782.015625 -8443.7324218
 504915.26904296875 3770066.109375 -9135.6835937
 503612.39013671875 3770482.21875 -10993.8857421
 504549.02734375 3769975.8125 -7422.26708984375 
 503544.58544921875 3770335.8125 -8889.318359375
 506248.9091796875 3769564.328125 -7221.10742187
 505623.52294921875 3769435.96875 -5298.01513671
 508063.7197265625 3769235.921875 -7618.05371093
 505749.93408203125 3769009.8125 -3321.937011718
 504732.22998046875 3769521.03125 -4261.26269531
 504072.142578125 3769527.078125 -3057.6640625 
 503713.76928710938 3770029.84375 -5898.12158203
 503410.3203125 3769933.125 -4398.61181640625 
 501876.36804199219 3770437.65625 -5327.72802734
 502256.14013671875 3770108.78125 -3411.34204101
 503386.68139648438 3769511.390625 -1947.2218017
 500653.42578125 3770586.5 -3911.242431640625 
 500847.35278320312 3770268.015625 -2116.8730468
 499958.00393295288 3770913.46875 -5471.59179687
 501021.05480957031 3770741.15625 -6745.62646484
 499023.72863769531 3770966.15625 -3452.29394531
 497964.83081054688 3771399.25 -5186.75146484375
 499516.47210693359 3770686.875 -2180.2387695312
 498089.58312988281 3771156.390625 -2538.2050781
 498461.16491699219 3770865.0625 -1297.775268554
 497853.28344726562 3771375.578125 -3885.8930664
 496917.88989257812 3771592.375 -3004.2014160156
 496670.98461914062 3771725.03125 -4488.11376953
 496382.70043945312 3771848.265625 -6459.4726562
 495761.07861328125 3771951.265625 -3373.5051269
 495829.166015625 3771885 -2113.61572265625 
 495217.4736328125 3772138.578125 -4501.72265625
 494238.04638671875 3772392.921875 -3768.6247558
 494514.74267578125 3772288.34375 -2548.64135742
 494538.42724609375 3772340.78125 -5892.51904296
 493044.53955078125 3772736.1875 -4976.225585937
 493038.15869140625 3772751.65625 -5951.42919921
 493050.9208984375 3772720.734375 -4001.02197265
 493057.3037109375 3772705.28125 -3025.818359375
 493063.689453125 3772689.84375 -2050.6149902343
 494918.693359375 3772106.453125 -1023.374084472
 493070.0751953125 3772674.390625 -1075.41088867
 496727.09643554688 3771443.609375 -871.07946777
 495305.81884765625 3771802.6875 846.00006103515
 497733.693359375 3770922.75 -259.67440795898438
 499986.3105840683 3770123.59375 -262.1446228027
 496958.40991210938 3771068.96875 943 
 496132.11450195312 3771435.828125 894.499938964
 497784.70532226562 3770702.109375 991.5 
 498611 3770335.25 1040 
 499347.65197753906 3769968.90625 1098 
 500084.30310821533 3769602.5625 1155.9998779296
 500837.14440917969 3769340.828125 1183.49987792
 501445.99694824219 3769731.4375 -480.1480712890
 502210.36108398438 3769220.109375 243.688278198
 502127.28930664062 3769915.59375 -2117.25439453
 502605.07446289062 3769514.3125 -891.4688720703
 503781.27783203125 3769092.03125 -756.017211914
 503580.38842773438 3768722.84375 365.9137878417
 504820.65625 3768999.03125 -1836.7010498046875 
 504986.697265625 3768323.921875 53.469276428222
 505044.12646484375 3767673.609375 1527.22314453
 504393.0703125 3767999.625 1503 
 505688.751953125 3767335.09375 1544.01318359375
 506324.890625 3766980.09375 1551 
 506988.505859375 3766715.515625 1609.5 
 503723.41284179688 3768243.828125 1458.99987792
 503053.75756835938 3768488.03125 1415 
 502321.87841796875 3768783.546875 1313.00061035
 501589.990234375 3769079.078125 1211 
 494185.87890625 3772279 -178.71847534179688 
 494559.4169921875 3772068.5 871.28326416015625 
 493076.45947265625 3772658.9375 -100.2072448730
 493815.94189453125 3772342.140625 888.112915039
 493082.84375 3772643.484375 874.9962158203125 
 493031.7763671875 3772767.109375 -6926.62451171
 494800.24853515625 3772289.59375 -7425.31103515
 493025.392578125 3772782.5625 -7901.82861328125
 496744.33227539062 3771783.328125 -8165.3359375
 495526.2841796875 3772120.46875 -9378.180664062
 497663.9140625 3771525.25 -6467.46044921875 
 498347.16015625 3771391.109375 -7584.5737304687
 499601.87377929688 3771079.84375 -6884.81298828
 500488.6875 3770954.953125 -8324.8037109375 
 499544.88580322266 3771209.828125 -9517.1425781
 502623.17041015625 3770453.59375 -7824.83007812
 501768.67102050781 3770715.03125 -9002.203125 
 502546.73315429688 3770370.359375 -6484.2729492
 502776.38842773438 3770581.109375 -10060.176757
 500889.98559570312 3770972.453125 -10208.905273
 501926.7294921875 3770842.546875 -11240.8691406
 503764.6953125 3770548.53125 -12243.1416015625 
 501888.02954101562 3770961.15625 -12708.6259765
 504535.82177734375 3770489.828125 -13299.554687
 503036.353515625 3770780.921875 -13319.28710937
 504282.9306640625 3770643.34375 -14583.27734375
 503340.22509765625 3770826.234375 -14596.385742
 502401.58227539062 3771029.328125 -14607.950195
 501462.939453125 3771232.421875 -14619.51464843
 500021.78293418884 3771401.09375 -13309.1992187
 499989.83897781372 3771273.125 -11896.731445312
 500524.29669189453 3771435.515625 -14631.079101
 499583.72357177734 3771629.09375 -14642.7988281
 498639.87854003906 3771806.4375 -14654.78125 
 498123.82238769531 3771707.5 -12668.396484375 
 497696.03369140625 3771983.765625 -14666.764648
 498644.017578125 3771490.21875 -11270.418945312
 497400.08227539062 3771769.015625 -11469.476562
 498084.30004882812 3771534.03125 -9880.96386718
 496830.7470703125 3772027.203125 -13240.1162109
 496232.39501953125 3772073.875 -11927.765625 
 495310.4794921875 3772339.234375 -13192.7822265
 496653.44458007812 3771874.5 -10429.3916015625 
 494625.025390625 3772394.15625 -11323.55078125 
 494271.50146484375 3772472.75 -10051.97265625 
 494346.67822265625 3772433.65625 -8729.89648437
 493006.24267578125 3772828.921875 -10827.439453
 492999.859375 3772844.375 -11802.642578125 
 493012.6259765625 3772813.46875 -9852.235351562
 493019.00927734375 3772798.015625 -8877.0322265
 494216.08251953125 3772522.921875 -12544.263671
 492993.47607421875 3772859.828125 -12777.846679
 493923.4990234375 3772707.890625 -14715.8408203
 494866.28564453125 3772525.046875 -14703.431640
 492987.09228515625 3772875.28125 -13753.0498046
 492980.712890625 3772890.734375 -14728.25 
 495809.07177734375 3772342.203125 -14691.022460
 496752.1884765625 3772161.09375 -14678.74707031
 512767.8857421875 3769433.34375 -14041.31347656
 513621.18359375 3769373.109375 -13874.25 
 514688.73828125 3769230 -12221.2294921875 
 514394.7392578125 3769352.859375 -13827.4375 
 513832.9033203125 3769165.984375 -10839.0400390
 515470.802734375 3769064.140625 -10765.43652343
 514575.5869140625 3768992.859375 -9105.09570312
 515314.4013671875 3768883.46875 -7924.84375 
 516410.546875 3768907.75 -8770.2939453125 
 515057.4794921875 3768730.515625 -6567.38964843
 513654.13671875 3768640.8125 -6454.572265625 
 516593.640625 3768787.921875 -7124.8203125 
 515958.447265625 3768617.421875 -5336.701171875
 517553.466796875 3768868.578125 -8071.420898437
 517397.443359375 3768929.515625 -9927.017578125
 517991.8125 3768780.125 -6248.54296875 
 518894.240234375 3768882.265625 -8076.454101562
 519461.30078125 3768852.671875 -6648.4638671875
 518896.33203125 3768901.015625 -10123.9609375 
 520804.2578125 3768979.828125 -8744.5810546875 
 516988.884765625 3769029.96875 -11397.561523437
 519268.171875 3768957.859375 -11345.7978515625 
 516078.6552734375 3769159.484375 -12498.8974609
 517342.7890625 3769095.203125 -12806.5439453125
 516112.6953125 3769254.984375 -13935.0234375 
 518586.17578125 3769019.921875 -12421.580078125
 518005.3984375 3769155.28125 -14241.625 
 518921.33203125 3769142.65625 -14304.5625 
 517058.59765625 3769198.8125 -14088.5732421875 
 520298.296875 3769091.375 -13145.41015625 
 519837.26953125 3769130.03125 -14367.5 
 520429.876953125 3769023.796875 -11846.50097656
 521657.216796875 3769223.21875 -13061.400390625
 521844.255859375 3769153.90625 -11625.1640625 
 521173.072265625 3769271.890625 -14492.25 
 521840.974609375 3769342.8125 -14554.625 
 520505.169921875 3769200.953125 -14429.875 
 522946.517578125 3769298.703125 -13583.61230468
 522520.697265625 3769372.375 -14605.9580078125 
 523036.62890625 3769242.125 -12476.6943359375 
 524359.8359375 3769248.453125 -13251.7021484375
 523961.630859375 3769197.578125 -11547.90625 
 523880.142578125 3769431.484375 -14708.625 
 524636.703125 3769336.90625 -14769.9169921875 
 523200.419921875 3769401.921875 -14657.29199218
 525393.2578125 3769242.34375 -14831.2080078125 
 526561.859375 3768957.90625 -13106.6748046875 
 526149.8203125 3769147.765625 -14892.5 
 525221.7578125 3769060.34375 -11854.94921875 
 526915.736328125 3768818.25 -11890.044921875 
 524321.896484375 3769095.09375 -10288.68359375 
 522527.765625 3769107.078125 -10347.5751953125 
 522874.42578125 3769035.21875 -8989.6484375 
 520948.740234375 3769019.59375 -10335.912109375
 522415.7421875 3768975.484375 -7665.31298828125
 520393.8828125 3768927.125 -7525.74462890625 
 520964.38671875 3768906.40625 -6374.1025390625 
 518291.181640625 3768725.796875 -5008.715820312
 526933.53125 3769022.703125 -14911.6630859375 
 527717.25 3768897.640625 -14930.8251953125 
 528500.96484375 3768772.578125 -14949.98828125 
 529443.546875 3768509.171875 -14992.9326171875 
 515168.30078125 3769332.609375 -13780.625 
 531328.73046875 3767982.34375 -15078.8232421875
 532033.951171875 3767725.40625 -15086.666992187
 533444.37109375 3767211.5625 -15102.3544921875 
 534149.59765625 3766954.625 -15110.19921875 
 535023.39453125 3766679.078125 -15160.749023437
 535897.1875 3766403.515625 -15211.298828125 
 536770.984375 3766127.96875 -15261.84765625 
 537538.01171875 3765840.34375 -15309.9814453125
 542004.05078125 3763637.90625 -15518.65234375 
 542575.23828125 3763243.96875 -15538.0234375 
 543146.4375 3762850.015625 -15557.39453125 