 484597.7294921875 3776109.765625 -15018.9072265625 
485254.677734375 3775707.640625 -14221.798828125 
484224.2431640625 3776280.375 -14540.0224609375 
484471.9501953125 3776171.328125 -13178.677734375 
483861.603515625 3776440.03125 -15295.4169921875 
485100.025390625 3775822.875 -15264.3349609375 
486037.9384765625 3775381.15625 -15320.359375 
484735.171875 3776040.265625 -15630.708984375 
484956.251953125 3775928.46875 -15783.7880859375 
 484235.4677734375 3776275.4375 -16287.1640625 
 484623.423828125 3776096.78125 -16301.7216796875 
 483455.916015625 3776625.109375 -16258.669921875 
 483111.47265625 3776798.40625 -15105.5146484375 
 482692.638671875 3777009.109375 -16227.3994140625 
 483151.205078125 3776778.40625 -13890.4189453125 
 481447.517578125 3777683 -14363.791015625 
 481611.376953125 3777587.109375 -13115.4384765625 
 481816.150390625 3777475.515625 -16189.4287109375 
 480955.828125 3777970.703125 -16149.130859375 
 480112.646484375 3778312.078125 -16121.294921875 
 479761.6796875 3778477.390625 -14206.2333984375 
 479292.12890625 3778704.203125 -16089.353515625 
 480637.32421875 3778099.65625 -12501.021484375 
 479310.7734375 3778695.1875 -12567.2451171875 
 481360.12109375 3777734.140625 -11025.236328125 
 479439.888671875 3778632.828125 -11117.9619140625 
 482521.400390625 3777100.234375 -12388.0048828125 
 482823.65234375 3776943.203125 -10762.7353515625 
 483899.361328125 3776423.40625 -11756.1494140625 
 483690.3515625 3776515.421875 -9637.2666015625 
 485000.8671875 3775905.90625 -9970.115234375 
 482454.611328125 3777135.765625 -9427.30859375 
 483273.5234375 3776716.875 -8227.765625 
 481203.68359375 3777825.671875 -9350.580078125 
 480118.365234375 3778309.765625 -9993.0126953125 
 481958.6484375 3777399.6875 -8146.283203125 
 481108.4140625 3777881.421875 -7029.708984375 
 482607.45703125 3777054.4375 -6637.7626953125 
 483693.8564453125 3776513.875 -7038.12890625 
 481924.314453125 3777417.96875 -5347.5517578125 
 483227.837890625 3776739.859375 -5024.72998046875 
 480597.466796875 3778115.796875 -5435.607421875 
 479921.140625 3778400.359375 -6513.9521484375 
 481231.9765625 3777809.109375 -3899.5908203125 
 479300.4296875 3778700.203125 -4523.10107421875 
 482808.544921875 3776950.796875 -3413.010009765625 
 481829.517578125 3777468.40625 -2273.4482421875 
 484489.7548828125 3776163.484375 -4874.78955078125 
 484620.693359375 3776098.15625 -6262.833984375 
 484193.9208984375 3776293.71875 -2730.795166015625 
 483169.666015625 3776769.125 -1783.7384033203125 
 485155.7802734375 3775775.453125 -3713.992919921875 
 485322.1552734375 3775679.125 -2663.664306640625 
 486165.373046875 3775330.5 -5328.044921875 
 486141.8759765625 3775339.84375 -3371.066650390625 
 485971.7421875 3775407.46875 -6649.27490234375 
 485560.7255859375 3775578.28125 -7910.59716796875 
 487165.3837890625 3774904.875 -6977.38330078125 
 487899.6884765625 3774450.640625 -5200.55419921875 
 486705.7919921875 3775115.6875 -8123.599609375 
 487826.248046875 3774504.609375 -8285.01171875 
 488214.35546875 3774219.453125 -6489.36083984375 
 487699.88671875 3774597.4375 -9796.18359375 
 489043.1826171875 3773838.921875 -8876.8173828125 
 486318.1669921875 3775269.765625 -9305.40234375 
 485897.9697265625 3775436.796875 -10920.1015625 
 484496.63671875 3776160.453125 -8567.0087890625 
 485228.5546875 3775718.6875 -12111.3173828125 
 487099.994140625 3774942.15625 -11424.556640625 
 486794.1494140625 3775080.5625 -13161.5888671875 
 488753.251953125 3773937.90625 -10658.029296875 
 488940.2998046875 3773873.984375 -12163.173828125 
 490103.892578125 3773539.390625 -9802.46875 
 490096.376953125 3773541.390625 -11242.0908203125 
 491132.421875 3773154.84375 -8872.955078125 
 490681.83203125 3773318.65625 -7468.357421875 
 491253.578125 3773107.75 -10141.4375 
 492354.14892578125 3772663.375 -9094.4619140625 
 492312.052734375 3772685.46875 -7757.52685546875 
 492923.16357421875 3772364.75 -10267.751953125 
 494045.943359375 3771965.203125 -9367.0263671875 
 491701.1376953125 3772940.765625 -11323.66796875 
 492519.7919921875 3772576.453125 -12316.337890625 
 491475.84375 3773017.9375 -13023.91796875 
 490054.4560546875 3773552.53125 -13154.130859375 
 492184.61279296875 3772752.34375 -14068.376953125 
 491196.01953125 3773106.171875 -15319.2587890625 
 493736.00537109375 3772060.265625 -12512.763671875 
 493263.8623046875 3772229.6875 -14539.802734375 
 494065.3291015625 3771959.75 -11088.818359375 
 494966.27294921875 3771702.265625 -12543.3134765625 
 495212.1259765625 3771628.40625 -10239.583984375 
 495492.22119140625 3771544.25 -8464.5888671875 
 495920.73388671875 3771347.4375 -11769.94140625 
 496507.91723632812 3771037.546875 -10452.1005859375 
 495794.7216796875 3771413.203125 -13475.2470703125 
 497687.53198242188 3770478.578125 -12853.7294921875 
 494681.8603515625 3771786.5625 -14520.6806640625 
 495988.21337890625 3771312.234375 -15034.1982421875 
 493656.970703125 3772088.625 -15553.9853515625 
 492802.68798828125 3772427.984375 -15904.0009765625 
 494728.22900390625 3771773.53125 -16654.12890625 
 493838.6484375 3772023.4375 -16633.6875 
 495613.21435546875 3771507.90625 -16675.83984375 
 496245.24438476562 3771177.625 -16702.73046875 
 496612.943359375 3770981.546875 -15398.640625 
 497037.59497070312 3770784.265625 -16040.5751953125 
 497087.66235351562 3770766.515625 -14093.4228515625 
 497344.64038085938 3770675.4375 -15408.748046875 
 498251.23010253906 3770080.46875 -14101.0703125 
 497455.6328125 3770636.09375 -16746.861328125 
 498155.55358886719 3770152.734375 -16786.1640625 
 497165.04760742188 3770739.09375 -16738.453125 
 496874.470703125 3770842.078125 -16730.046875 
 498549.56652832031 3769855.109375 -15409.7724609375 
 498834.3193359375 3769640.015625 -16827.837890625 
 499991.67344093323 3768976.109375 -14554.833984375 
 500500.29745483398 3768865.46875 -15722.58984375 
 498822.81567382812 3769648.703125 -12943.7578125 
 500711.10711669922 3768817.703125 -13024.884765625 
 498592.14855957031 3769822.953125 -11562.61328125 
 499650.92398071289 3769050.25 -11088.369140625 
 497445.80126953125 3770639.578125 -11474.5361328125 
 498577.04638671875 3769834.359375 -9899.40234375 
 497188.58935546875 3770730.75 -9215.7841796875 
 496505.36840820312 3771038.90625 -7068.32568359375 
 497667.79858398438 3770491.984375 -7821.6181640625 
 494938.42626953125 3771710.640625 -6455.69580078125 
 496072.01538085938 3771268.515625 -5259.59228515625 
 493856.64453125 3772018.375 -7885.03466796875 
 493127.47900390625 3772278.625 -5734.0693359375 
 491527.078125 3772994.609375 -6292.62451171875 
 491183.8486328125 3773131.578125 -4986.3193359375 
 490299.19921875 3773476.765625 -6212.7841796875 
 489315.115234375 3773749.125 -7092.3017578125 
 489171.8818359375 3773795.0625 -5601.22412109375 
 490036.82421875 3773557.234375 -4400.8505859375 
 488742.3525390625 3773942.65625 -4271.4267578125 
 491871.08740234375 3772867.90625 -3845.722900390625 
 491197.626953125 3773118.015625 -2784.80078125 
 493283.24951171875 3772222.734375 -3896.63037109375 
 492543.083984375 3772564.21875 -2570.306640625 
 494567.734375 3771818.625 -4678.32958984375 
 494678.13037109375 3771787.609375 -2928.520263671875 
 496230.20141601562 3771185.640625 -3083.884765625 
 497321.6015625 3770683.609375 -4254.021484375 
 495122.99853515625 3771655.1875 -1237.5172119140625 
 493700.69482421875 3772072.9375 -1979.5904541015625 
 497025.41088867188 3770788.578125 -1659.989013671875 
 496160.5703125 3771222.3125 -602.47528076171875 
 497563.7275390625 3770562.671875 -2904.918212890625 
 498201.53857421875 3770118 -1695.161865234375 
 498679.20043945312 3769757.1875 -2922.20263671875 
 497313.19677734375 3770686.578125 -368.72897338867188 
 498516.68090820312 3769879.953125 -388.26458740234375 
 498154.8955078125 3770153.234375 993.83465576171875 
 499909.06542205811 3768994.078125 -1408.5660400390625 
 500456.52984619141 3768874.984375 -207.76020812988281 
 500510.95336914062 3768863.140625 -3211.03564453125 
 501041.35803222656 3768708.421875 -2015.5089111328125 
 499456.28747558594 3769108.796875 -3897.22900390625 
 498542.59167480469 3769860.375 -4397.20751953125 
 500950.73937988281 3768738.40625 -5180.37109375 
 502263.625 3768305.75 -3703.37646484375 
 499524.37606811523 3769077.78125 -5180.36572265625 
 500444.99783325195 3768877.484375 -7149.70263671875 
 498160.64562988281 3770148.890625 -6270.32861328125 
 499254.77770996094 3769290.984375 -6557.3720703125 
 497221.76245117188 3770718.984375 -5562.31787109375 
 498847.91137695312 3769629.75 -8134.37939453125 
 500391.96179199219 3768889.03125 -9119.044921875 
 501014.13610839844 3768717.421875 -11088.37109375 
 502263.62573242188 3768305.75 -9611.3759765625 
 501160.95678710938 3768668.84375 -8155.7001953125 
 502263.62622070312 3768305.75 -10596.0419921875 
 502263.62646484375 3768305.75 -11580.708984375 
 502263.626953125 3768305.75 -12565.375 
 502263.626953125 3768305.75 -13484.3974609375 
 502263.626953125 3768305.75 -14403.4189453125 
 502263.626953125 3768305.75 -15322.44140625 
 502263.626953125 3768305.75 -16241.4638671875 
 501478.73388671875 3768563.765625 -17073.119140625 
 502263.626953125 3768305.75 -17160.484375 
 500694.34631347656 3768823.25 -16985.5859375 
 500087.11901092529 3768955.359375 -16929.158203125 
 499479.88836669922 3769087.453125 -16872.732421875 
 502263.62524414062 3768305.75 -8626.708984375 
 502263.625 3768305.75 -7642.04248046875 
 502263.625 3768305.75 -6657.3759765625 
 502263.625 3768305.75 -5672.70947265625 
 502263.625 3768305.75 -4688.04296875 
 502263.625 3768305.75 -2718.7099609375 
 502263.625 3768305.75 -1734.0438232421875 
 502263.625 3768305.75 -749.37738037109375 
 502263.625 3768305.75 235.28909301757812 
 501479.36279296875 3768563.5625 1148.6971435546875 
 502263.62475585938 3768305.75 1219.95556640625 
 500694.34326171875 3768823.25 1094.777587890625 
 500087.11237335205 3768955.359375 1062.2457275390625 
 499479.884765625 3769087.453125 1029.714111328125 
 498833.93115234375 3769640.3125 1010.9076538085938 
 497455.6328125 3770636.09375 949.505859375 
 497021.24462890625 3770790.0625 262.4617919921875 
 497165.04809570312 3770739.078125 948.80047607421875 
 496244.71850585938 3771177.90625 902.02215576171875 
 496874.46826171875 3770842.078125 948.09503173828125 
 495613.2109375 3771507.90625 840.7158203125 
 494739.0498046875 3771770.484375 864.97021484375 
 494124.36376953125 3771943.171875 -426.07028198242188 
 493860.00537109375 3772017.4375 863.63055419921875 
 492944.74951171875 3772353.421875 -845.16864013671875 
 492860.17333984375 3772397.8125 3.4163439273834229 
 491922.05810546875 3772851.34375 -439.73410034179688 
 493000.34375 3772324.25 842.546875 
 492558.33447265625 3772556.21875 786.3831787109375 
 492116.326171875 3772788.1875 730.21954345703125 
 491576.705078125 3772963.609375 108.42073822021484 
 491762.8671875 3772903.09375 736.0927734375 
 490972.7529296875 3773203.421875 -716.7109375 
 490818.0302734375 3773262.375 654.46343994140625 
 491551.7333984375 3772971.734375 -1561.72314453125 
 490487.7431640625 3773407.3125 -1757.90087890625 
 489971.279296875 3773574.65625 -395.17828369140625 
 489968.6162109375 3773575.359375 -2965.407958984375 
 489480.2197265625 3773705.234375 -1253.8714599609375 
 488702.3134765625 3773960.0625 -2914.5009765625 
 487464.4853515625 3774734.3125 -3115.056884765625 
 488443.013671875 3774072.796875 -1742.6490478515625 
 487016.4580078125 3774989.796875 -4351.396484375 
 486371.4912109375 3775248.578125 -2263.607421875 
 487452.751953125 3774741 -1504.451416015625 
 486493.8310546875 3775199.9375 -1323.2158203125 
 488628.7060546875 3773992.0625 -554.30615234375 
 487711.572265625 3774588.84375 517.5615234375 
 489276.640625 3773759.359375 585.81494140625 
 488818.125 3773915.609375 566.66351318359375 
 489751.6455078125 3773633.0625 576.3880615234375 
 490226.65625 3773506.75 566.96112060546875 
 488371.84375 3774103.75 550.2010498046875 
 487002.5 3774997.75 472.9783935546875 
 486020.921875 3775387.921875 -521.52166748046875 
 486106.896484375 3775353.75 522.87200927734375 
 485641.6005859375 3775544.09375 -1084.7017822265625 
 485532.7763671875 3775590.09375 -398.03561401367188 
 485866.7333984375 3775449.203125 -1773.9671630859375 
 485212.6962890625 3775727.03125 -1602.2196044921875 
 484189.6298828125 3776295.609375 -1256.763916015625 
 484572.4912109375 3776122.53125 -786.7103271484375 
 483755.2490234375 3776486.84375 -409.54843139648438 
 482174.75 3777284.703125 -902.52093505859375 
 482692.63671875 3777009.109375 463.33575439453125 
 480594.978515625 3778116.796875 -1516.5606689453125 
 480145.1640625 3778298.90625 -2958.052978515625 
 480955.828125 3777970.703125 503.75787353515625 
 480112.984375 3778311.9375 474.13067626953125 
 481815.7578125 3777475.734375 463.86538696289062 
 478884.556640625 3778901.078125 -903.14227294921875 
 479292.244140625 3778704.140625 473.07119750976562 
 478886.568359375 3778900.109375 -2351.917724609375 
 477268.93359375 3779688.140625 -1494.756103515625 
 477581.740234375 3779492.796875 -3043.42041015625 
 477637.060546875 3779458.25 448.76290893554688 
 476865.703125 3779939.953125 439.0545654296875 
 478471.544921875 3779096.5625 471.6690673828125 
 476181.685546875 3780314.546875 -945.1185302734375 
 476068.46484375 3780376.453125 419.35760498046875 
 475640.1796875 3780613.5 -2168.16748046875 
 474876.279296875 3781079.359375 -978.98095703125 
 474462.0390625 3781337.1875 -2223.005615234375 
 475276.03125 3780822.203125 431.5621337890625 
 474509.810546875 3781311.6875 444.81564331054688 
 473447.759765625 3781904.453125 -568.390380859375 
 473707.4609375 3781739.828125 436.88763427734375 
 473422.90625 3781920.203125 -1619.22998046875 
 472368.572265625 3782550.296875 -888.97406005859375 
 472903.95703125 3782249.15625 -3610.11328125 
 472397.1640625 3782536.171875 -2340.022705078125 
 474541.392578125 3781294.8125 -3556.347412109375 
 473731.59375 3781726.953125 -4655.849609375 
 475980.275390625 3780425.265625 -3826.98583984375 
 474876.4296875 3781079.265625 -5411.39990234375 
 477297.04296875 3779670.578125 -4599.60498046875 
 476349.392578125 3780225.140625 -6049.72265625 
 477586.240234375 3779489.984375 -5999.1240234375 
 478753.6875 3778964.28125 -6657.7236328125 
 477606 3779477.640625 -7597.978515625 
 478679.7578125 3779000 -8071.15380859375 
 476275.013671875 3780264.796875 -7867.05224609375 
 474805.54296875 3781124.875 -7228.72998046875 
 477426.576171875 3779589.703125 -9154.0380859375 
 476517.84765625 3780135.328125 -10267.955078125 
 479098.548828125 3778797.703125 -9250.046875 
 477712.5546875 3779425.53125 -10979.1455078125 
 479796.634765625 3778460.5 -7811.05859375 
 478137.853515625 3779241.1875 -13235.4599609375 
 476910.20703125 3779912.171875 -12486.1904296875 
 478095.009765625 3779259.765625 -14675.8984375 
 476510.01171875 3780139.5 -14008.3720703125 
 478471.650390625 3779096.515625 -16057.3955078125 
 477637.0625 3779458.25 -16027.9111328125 
 476848.861328125 3779950.46875 -15987.8701171875 
 476033.37109375 3780395.875 -15951.6162109375 
 474885.421875 3781073.484375 -14501.9697265625 
 475421.525390625 3780734.515625 -13103.982421875 
 475225.478515625 3780854.734375 -15914.2734375 
 474439.197265625 3781349.375 -15874.0361328125 
 473311.8046875 3781990.625 -14433.46484375 
 474122.1875 3781518.53125 -13328.8466796875 
 473623.09375 3781793.3125 -15835.294921875 
 472839.396484375 3782290.078125 -15770.6826171875 
 472022.8125 3782734 -15743.943359375 
 471907.27734375 3782798.34375 -13563.3916015625 
 471295.9453125 3783131.921875 -14525.7216796875 
 473031.62109375 3782168.234375 -12010.6611328125 
 471517.46484375 3783012.5625 -11424.595703125 
 470820.482421875 3783402.34375 -13396.5732421875 
 472261.78515625 3782606.578125 -9956.685546875 
 473676.26953125 3781759.609375 -10346.7392578125 
 471105.4453125 3783235.421875 -10114.560546875 
 471179.994140625 3783194.671875 -8791.595703125 
 470274.45703125 3783749.84375 -11794.6474609375 
 469996.9296875 3783926.46875 -10338.7021484375 
 469121.25 3784486.390625 -11187.384765625 
 470217.37890625 3783786.171875 -7900.744140625 
 471211.109375 3783177.65625 -7056.79541015625 
 469119.412109375 3784487.5625 -9437.4404296875 
 469012.6484375 3784555.921875 -8065.92236328125 
 468226.30078125 3785017.0625 -10341.3447265625 
 467251.75390625 3785526.953125 -8555.0634765625 
 467776.345703125 3785249.25 -11972.87890625 
 466934.74609375 3785698.125 -10008.677734375 
 469178.466796875 3784449.765625 -12527.4912109375 
 468284.08984375 3784987.234375 -13789.6767578125 
 469871.02734375 3784006.59375 -13951.484375 
 470151.44140625 3783828.140625 -15561.8525390625 
 470944.75390625 3783323.25 -15644.259765625 
 469358.923828125 3784334.21875 -15479.3115234375 
 468567.001953125 3784841.25 -15396.6640625 
 467781.12109375 3785246.78125 -15327.0478515625 
 467000.7265625 3785662.515625 -15256.26171875 
 466753.22265625 3785796.140625 -13226.8701171875 
 466222.6875 3786082.609375 -15184.974609375 
 466222.65625 3786082.625 -11268.8251953125 
 464970.3203125 3786883.90625 -12879.9677734375 
 465510.12109375 3786528.625 -9053.384765625 
 464647.30078125 3787097.234375 -9962.45703125 
 466214.73046875 3786087.546875 -8103.16259765625 
 464632.69140625 3787107.375 -7878.89111328125 
 466229.34375 3786079.015625 -6840.75244140625 
 464767.609375 3787013.796875 -6311.001953125 
 467847.326171875 3785212.609375 -7162.14599609375 
 466773.859375 3785785 -5718.22119140625 
 469055.0859375 3784528.75 -6481.45361328125 
 467901.634765625 3785184.59375 -5616.1953125 
 469163.83203125 3784459.125 -5015.18896484375 
 467237.03125 3785534.90625 -4520.27978515625 
 468803.150390625 3784690.0625 -3606.9453125 
 466084.56640625 3786168.453125 -4708.10693359375 
 466327.47265625 3786026.03125 -2587.28955078125 
 465002.80078125 3786854.75 -4237.81689453125 
 465141.58984375 3786764.671875 -2882.8359375 
 464004.58984375 3787611.265625 -4777.34716796875 
 463292.44921875 3788200.359375 -5732.79541015625 
 463337.34375 3788164.21875 -3691.68798828125 
 463788.33984375 3787797.25 -2427.4462890625 
 462903.484375 3788482.59375 -2412.081787109375 
 464449.7109375 3787245.6875 -1998.7762451171875 
 465263.91796875 3786685.859375 -1899.6322021484375 
 463506.8984375 3788027.75 -1584.5609130859375 
 464123.6171875 3787517.140625 -1135.4427490234375 
 462716.36328125 3788553.71875 -1257.5421142578125 
 463212.39453125 3788264.796875 -1128.12451171875 
 461875.8203125 3789137.75 -2029.268310546875 
 461659.9296875 3789280.140625 -1358.75341796875 
 462224.5625 3788839.59375 -3229.802978515625 
 460839.70703125 3789746.109375 -3175.0166015625 
 460761.2421875 3789804.03125 -1970.9110107421875 
 461007.9375 3789638.671875 -4742.2705078125 
 459231.3203125 3790870.34375 -4482.8740234375 
 462196.3984375 3788877.828125 -5442.701171875 
 460441.36328125 3790040.125 -6161.18896484375 
 462089.8125 3788955.71875 -7100.81201171875 
 459342.34375 3790785.171875 -6020.99365234375 
 458381.546875 3791514.5 -5448.64599609375 
 459620.00390625 3790594.421875 -8024.6884765625 
 461079.55078125 3789599.28125 -8251.1728515625 
 458528.46484375 3791409.59375 -6876.01708984375 
 458059.69140625 3791725.609375 -8213.3173828125 
 457259.58203125 3792297.296875 -6398.5068359375 
 457334.734375 3792237.46875 -4779.173828125 
 456182.75390625 3793020.703125 -5946.28564453125 
 457960.63671875 3791790.578125 -3280.876708984375 
 456943.1953125 3792546.015625 -3432.73388671875 
 459027.4765625 3791026.734375 -3192.26171875 
 458275.1015625 3791584.328125 -1638.7861328125 
 457106.41015625 3792418.46875 -1973.0643310546875 
 459733.81640625 3790518.5625 -2205.398681640625 
 459180.76953125 3790909.125 -689.21954345703125 
 460208.296875 3790202.28125 -409.93515014648438 
 461193.37890625 3789536.6875 -875.36151123046875 
 461189.3515625 3789538.90625 67.250885009765625 
 461633.453125 3789294.703125 -640.29833984375 
 462078.2734375 3788997.578125 -778.769287109375 
 462017.44140625 3789053.75 -322.96124267578125 
 462396.0859375 3788748.1875 -552.08184814453125 
 462840.6640625 3788489.125 -728.66363525390625 
 462335.25390625 3788804.359375 -96.275337219238281 
 462062.65625 3789025.5 137.19375610351562 
 462657.64453125 3788563.34375 -218.17730712890625 
 462596.6640625 3788600.46875 163.98103332519531 
 463207.90625 3788268.40625 -316.820068359375 
 462937.5546875 3788429.828125 234.2371826171875 
 463616.125 3787939.84375 -677.20849609375 
 463829.953125 3787767.515625 744.44830322265625 
 464485.51171875 3787215.53125 -483.91424560546875 
 464755.70703125 3787022.046875 -1114.65869140625 
 465025.5234375 3786834.90625 -216.32682800292969 
 466090.5078125 3786165.09375 -1185.470703125 
 467396.78515625 3785448.65625 -1735.1285400390625 
 467000.91015625 3785662.40625 685.191650390625 
 467522.6328125 3785380.703125 -3231.7763671875 
 468640.265625 3784794.34375 -1931.4229736328125 
 468134.044921875 3785064.65625 -633.61962890625 
 470076.099609375 3783876.09375 -2938.18798828125 
 470054.892578125 3783889.578125 -4245.7626953125 
 469694.69921875 3784119.234375 -1263.272216796875 
 471213.1015625 3783176.578125 -1965.194580078125 
 471230.7578125 3783166.921875 -685.9014892578125 
 471147.384765625 3783212.5 -4006.39892578125 
 470239.53515625 3783772.078125 -5748.2333984375 
 472214.896484375 3782634.515625 -5749.79736328125 
 472332.931640625 3782569.3125 -7019.36376953125 
 472382.66015625 3782541.65625 -8578.4970703125 
 473585.646484375 3781817.046875 -6077.814453125 
 473279.845703125 3782010.875 -7667.37744140625 
 474125.806640625 3781516.59375 -8876.412109375 
 475310.22265625 3780800.203125 -9586.46484375 
 474408.046875 3781366 -11745.5087890625 
 475780.658203125 3780535.75 -11556.939453125 
 472157.08203125 3782662.234375 520.45758056640625 
 472764.4921875 3782337.5625 468.1497802734375 
 471550.763671875 3782992.015625 540.4757080078125 
 470944.75 3783323.25 551.33056640625 
 470151.23046875 3783828.265625 579.54107666015625 
 469358.712890625 3784334.359375 615.5107421875 
 468566.998046875 3784841.25 657.50360107421875 
 467781.365234375 3785246.65625 688.04888916015625 
 473235.982421875 3782038.6875 452.5185546875 
 465915.15234375 3786276.328125 -234.76324462890625 
 466222.6875 3786082.609375 667.94964599609375 
 465681.17578125 3786419.171875 698.974609375 
 465139.65625 3786755.75 730 
 464701.71484375 3787059.5 177.35511779785156 
 464833.09375 3786968.390625 710.99981689453125 
 464526.53125 3787181 692 
 463119.5234375 3788339.546875 743.80987548828125 
 462764.2421875 3788503.625 500.76028442382812 
 462912.4140625 3788432.28125 782.40545654296875 
 462345.0625 3788813.25 892.5 
 462705.3125 3788525 821 
 461984.8125 3789101.5 964 
 461451.96875 3789394.5 961 
 461642.55859375 3789289.703125 -38.302478790283203 
 460919.125 3789687.5 958 
 460168.81640625 3790228.59375 931.05023193359375 
 459398.484375 3790742.09375 948.625 
 458809.3046875 3791194.125 904.05377197265625 
 458207.46875 3791628.6875 863.175048828125 
 457415.65234375 3792169.953125 -592.236083984375 
 457586.09375 3792036.25 828 
 456523.3671875 3792822.140625 -1414.8712158203125 
 456779.9609375 3792654.890625 -564.56243896484375 
 456399.703125 3792899.3125 -2332.16015625 
 455646.01953125 3793319.765625 -1528.3470458984375 
 455898.921875 3793179.109375 -3062.57958984375 
 456084.04296875 3793079.796875 -4573.8701171875 
 454614.3828125 3793977.578125 -4032.50244140625 
 454936.47265625 3793756.671875 -5804.25 
 456152.17578125 3793032.34375 -7323.13671875 
 454775.69140625 3793866.953125 -7405.80810546875 
 457091.015625 3792425.9375 -9035.224609375 
 455484.50390625 3793411.1875 -9342.3603515625 
 458725.421875 3791258.484375 -9415.685546875 
 457790.140625 3791902.421875 -10673.78515625 
 460251.2265625 3790173.65625 -9115.5546875 
 459859.5546875 3790434.734375 -10358.2060546875 
 461257.6015625 3789489.515625 -10362.1728515625 
 462402.96875 3788819.296875 -9163.181640625 
 460415.3984375 3790059.28125 -11602.0263671875 
 459272.69921875 3790838.59375 -11890.4755859375 
 461327.3359375 3789438.046875 -12481.7333984375 
 462342.8203125 3788840.21875 -12061.837890625 
 459918.4453125 3790395.484375 -13109.4599609375 
 461793.55078125 3789193.4375 -13540.611328125 
 458715.06640625 3791266.421875 -13022.5478515625 
 457758.6171875 3791923.09375 -12368.5009765625 
 459441.75 3790713.25 -14440.5771484375 
 460190.34375 3790214.234375 -14521.20703125 
 458726.3046875 3791257.8125 -14354.9267578125 
 457988.96875 3791772 -14272.6279296875 
 457264.1640625 3792302.140625 -14188.5927734375 
 456758.0546875 3792672 -12807.0703125 
 456427.51171875 3792874.109375 -10917.7236328125 
 456536.41015625 3792829 -14104.90625 
 455881.8046875 3793183.59375 -14044.7841796875 
 455676.984375 3793300.5625 -12370.951171875 
 455235.03125 3793551.9375 -13983.095703125 
 455060.16796875 3793684.1875 -10852.275390625 
 454351.8828125 3794157.640625 -12514.5693359375 
 453793.23828125 3794553.609375 -11267.4091796875 
 453315.5703125 3794895.171875 -12492.5830078125 
 454189.546875 3794269.5625 -10019.310546875 
 452922.78515625 3795127.84375 -9876.80859375 
 452271.21484375 3795522.484375 -12126.0087890625 
 453988.859375 3794416.484375 -8702.7158203125 
 453096.359375 3795019.875 -7643.46923828125 
 453489.26171875 3794774.328125 -6204.5625 
 452056.47265625 3795653.640625 -6774.87353515625 
 452327.625 3795487 -5347.0888671875 
 451903.45703125 3795742.4375 -8226.9423828125 
 451017.2578125 3796256.1875 -7365.46044921875 
 451029.78515625 3796249.296875 -5920.06005859375 
 450854.40625 3796345.921875 -9136.94140625 
 451901.14453125 3795743.78125 -9483.126953125 
 449838.54296875 3796877.15625 -7240.04541015625 
 449517.87890625 3797054.71875 -9089.78125 
 449745.734375 3796935.5625 -5770.2470703125 
 450478.88671875 3796540.4375 -4827.41015625 
 448533.97265625 3797658.296875 -6135.4326171875 
 448562.4296875 3797658.140625 -7710.44970703125 
 449229.15625 3797260.84375 -4442.37060546875 
 447611.67578125 3798176.171875 -4294.29833984375 
 449628.66796875 3797051.375 -3269.375 
 450674.87109375 3796440.59375 -3588.6962890625 
 448471.02734375 3797665.359375 -3438.866943359375 
 448974.4609375 3797385.546875 -2249.926513671875 
 447371.62890625 3798305.234375 -1531.8070068359375 
 450329.9296875 3796623.71875 -2068.210205078125 
 450317.88671875 3796635.75 -447.35519409179688 
 451763.125 3795823.890625 -2882.33203125 
 451654.37109375 3795887.015625 -4282.033203125 
 451594.4921875 3795921.765625 -1458.891845703125 
 453421.546875 3794815.484375 -2246.49853515625 
 452682.2421875 3795268.40625 -863.1055908203125 
 452708.96484375 3795251.9375 -3800.1376953125 
 453606.03515625 3794688.1875 -4772.89501953125 
 454804.61328125 3793847.09375 -1738.0477294921875 
 453829.32421875 3794526.0625 -554.85845947265625 
 454887.01953125 3793790.578125 -307.125732421875 
 456099.671875 3793067.453125 -655.460205078125 
 455837.9140625 3793207.359375 915.60528564453125 
 456448.45703125 3792876.640625 893.22406005859375 
 457151.27734375 3792391.671875 94.652664184570312 
 457027.9375 3792497.25 846 
 457307.015625 3792266.75 837 
 455235.02734375 3793551.9375 935.5 
 454684.69921875 3793929.046875 982.044921875 
 454134.98046875 3794296.875 1078.412841796875 
 453602.53125 3794701.125 1097.75 
 452836.61328125 3795173.25 1130.0001220703125 
 451670.16796875 3795877.84375 -108.88892364501953 
 452070.703125 3795645.375 1162.25 
 450755.6328125 3796400.34375 1260.911865234375 
 450090.77734375 3796764.4375 1312.41796875 
 451414.91015625 3796026 1211.266845703125 
 449132.3359375 3797271.265625 426.72280883789062 
 449409.40625 3797093 1384 
 448655.390625 3797570.609375 -413.45425415039062 
 448577.2890625 3797698.828125 1454.25 
 447332.87890625 3798321.203125 30.96034049987793 
 448970.453125 3797366.140625 1421.7188720703125 
 447808.26171875 3798066.15625 1498.3289794921875 
 445833.5390625 3799245.625 -1071.47705078125 
 445833.5390625 3799245.625 -1992.384765625 
 445833.5390625 3799245.625 -150.56607055664062 
 445833.5390625 3799245.625 770.3448486328125 
 446441.375 3798850.484375 1620.616943359375 
 445833.5390625 3799245.625 1691.25 
 447057.1875 3798465.75 1563 
 447077.23828125 3798469.5 -2959.989501953125 
 445833.5390625 3799245.625 -2913.289306640625 
 445833.5390625 3799245.625 -3834.195556640625 
 445833.5390625 3799245.625 -4755.111328125 
 447072.6328125 3798480.578125 -5614.6083984375 
 445833.5390625 3799245.625 -5676.0185546875 
 447253.64453125 3798364.78125 -7057.09814453125 
 445833.5390625 3799245.625 -6596.923828125 
 445833.5390625 3799245.625 -7517.83935546875 
 445833.5390625 3799245.625 -8438.74609375 
 447661.13671875 3798155.09375 -8898.828125 
 445833.5390625 3799245.625 -9359.65234375 
 448548.4140625 3797683.25 -9863.87109375 
 447377.578125 3798301.578125 -10740.6328125 
 450234.8515625 3796682.25 -10476.986328125 
 448955.48046875 3797415.046875 -11169.8212890625 
 449275.5859375 3797183.921875 -12255.0224609375 
 448266.15625 3797837.671875 -12133.15234375 
 446834.546875 3798608.546875 -12007.810546875 
 448577.29296875 3797698.828125 -13302.9755859375 
 448970.05078125 3797366.390625 -13354.2490234375 
 447808.7421875 3798065.921875 -13238.638671875 
 447057.1875 3798465.75 -13170.537109375 
 446441.80859375 3798850.203125 -13107.52734375 
 445833.5390625 3799245.625 -12122.3798828125 
 445833.5390625 3799245.625 -13043.287109375 
 445833.5390625 3799245.625 -11201.4638671875 
 445833.5390625 3799245.625 -10280.5576171875 
 449409.41015625 3797093 -13399.095703125 
 450233.3125 3796688.140625 -13469.5048828125 
 450744.8125 3796406.3125 -11974.2294921875 
 451037.1796875 3796245.21875 -13544.28515625 
 451619.27734375 3795907.375 -10723.8642578125 
 451787.234375 3795809.890625 -13616.8603515625 
 452533.33984375 3795368.03125 -13690.17578125 
 453277.06640625 3794922.171875 -13763.943359375 
 453922.921875 3794455.921875 -13838.0439453125 
 454577.95703125 3794002.515625 -13910.7265625 
 458850.28515625 3791162.6875 -10711.0361328125 
 460919.125 3789687.5 -14604.9013671875 
 461451.98046875 3789394.515625 -14654.39453125 
 462219.3828125 3788920.234375 -14049.0654296875 
 461984.81640625 3789101.515625 -14703.8876953125 
 462400.578125 3788782.34375 -13313.1533203125 
 462874.578125 3788449.21875 -13816.857421875 
 463142.1875 3788321.296875 -12868.068359375 
 463068.42578125 3788362.421875 -10910.96484375 
 464046.48828125 3787585.203125 -12461.2421875 
 463831.93359375 3787756.421875 -9071.3310546875 
 463101.51953125 3788347.609375 -8218.7939453125 
 463473.859375 3788054.265625 -7041.45703125 
 464899.87890625 3786938.53125 -11306.1474609375 
 463795.8828125 3787793.0625 -13652.419921875 
 465449.7734375 3786563 -13941.556640625 
 463367.92578125 3788137.96875 -13868.3076171875 
 463829.453125 3787767.9375 -14915.771484375 
 464526.53515625 3787181 -15006.380859375 
 463050.13671875 3788370.609375 -14306.3828125 
 463119.5234375 3788339.546875 -14826.8134765625 
 462705.3125 3788525 -14793.712890625 
 462912.421875 3788432.28125 -14810.2626953125 
 462345.0703125 3788813.25 -14748.80078125 
 465080.03125 3786797.109375 -15067.8935546875 
 465650.34375 3786438.34375 -15126.603515625 
 471483.779296875 3783028.625 -15694.1015625 
 483455.474609375 3776625.328125 503.643310546875 
 484235.166015625 3776275.5625 498.663330078125 
 484720.1513671875 3776047.859375 -178.28472900390625 
 484623.2646484375 3776096.859375 496.39810180664062 
 485082.2763671875 3775837.96875 -554.4205322265625 
 484944.91015625 3775934.203125 -30.557958602905273 
 485176.0625 3775758.203125 -27.564641952514648 
 485216.5615234375 3775723.75 510.8692626953125 
 485064.1962890625 3775853.359375 222.81739807128906 
 485110.6142578125 3775813.875 506.62234497070312 
 485004.671875 3775903.984375 502.37576293945312 
 491409.40625 3773018 741.96600341796875 
 493419.4990234375 3772173.84375 -16621.41015625 
 493000.34423828125 3772324.25 -16609.134765625 
 492558.33642578125 3772556.21875 -16590.248046875 
 492116.328125 3772788.1875 -16571.36328125 
 492378.97509765625 3772650.34375 -15340.0419921875 
 491474.9306640625 3772996.703125 -16554.33203125 
 490849.8701171875 3773249.21875 -16533.740234375 
 490226.658203125 3773506.75 -16512.7421875 
 489533.1689453125 3773691.140625 -15562.9833984375 
 489751.65234375 3773633.046875 -16502.40625 
 490025.115234375 3773560.34375 -14741.6728515625 
 488634.62890625 3773989.5 -15072.34765625 
 488675.8935546875 3773971.546875 -13652.2470703125 
 487833.447265625 3774499.3125 -12972.04296875 
 488034.201171875 3774351.8125 -14504.84375 
 487296.974609375 3774829.828125 -14003.470703125 
 486285.6435546875 3775282.6875 -14136.96875 
 487407.7421875 3774766.671875 -15008.3046875 
 488002.166015625 3774375.359375 -15409.4208984375 
 487002.5009765625 3774997.75 -16391.263671875 
 485696.845703125 3775520.75 -13159.912109375 
 486106.673828125 3775353.828125 -16362.2236328125 
 487711.91015625 3774588.609375 -16424.55859375 
 488371.8466796875 3774103.75 -16463.97265625 
 488613.6904296875 3773998.59375 -15792.95703125 
 488818.0478515625 3773915.640625 -16479.30859375 
 489276.642578125 3773759.359375 -16492.068359375 
 485185.0576171875 3775750.546875 -15793.1650390625 
 485216.5625 3775723.75 -16332.064453125 
 485068.921875 3775849.328125 -16039.908203125 
 485004.673828125 3775903.984375 -16317.4208984375 
 485110.61328125 3775813.875 -16324.7421875 