541511.69140625 3753757.59375 -1036.912353515625 
542140.1171875 3753042.234375 256.64773559570312 
541336.37109375 3753381.765625 270.45880126953125 
540534.37109375 3753725.46875 285.99688720703125 
542752.70703125 3753405.046875 -1537.254638671875 
542950.92578125 3752719.578125 249.82386779785156 
541298.47265625 3754470.890625 -2846.776611328125 
542991.62890625 3753908.046875 -3268.2919921875 
540318.53515625 3754371.359375 -1354.6015625 
 539691.3359375 3755332.3125 -3447.381591796875 
 539730.4453125 3754064.59375 300.92111206054688 
 538639.01171875 3754857.6875 -816.43310546875 
 538923.859375 3754397.453125 315 
 538721.7265625 3755213.375 -2017.4815673828125 
 537169.72265625 3755489.421875 -1204.74560546875 
 538324.28515625 3755777.78125 -3276.659423828125 
 537462.27734375 3754874.09375 367.88497924804688 
 536733.20703125 3755114.234375 416.44207763671875 
 538192.95703125 3754635.640625 340.01602172851562 
 536004.125 3755354.359375 465 
 535557.4375 3755938.265625 -1030.0487060546875 
 535048.6796875 3755600.03125 528 
 536505.78125 3756168.1875 -2631.082275390625 
 535076.8125 3756504.40625 -2380.94873046875 
 533946.140625 3756476.375 -1408.3660888671875 
 535284.37890625 3756933.03125 -3783.434814453125 
 537364.01171875 3756424.671875 -4125.998046875 
 533504.48828125 3757224.921875 -3315.55810546875 
 534334.21875 3757701.1875 -5165.13818359375 
 532703.853515625 3756789.359375 -1567.357666015625 
 533246.02734375 3756342.734375 -492.3831787109375 
 531698.1640625 3757449.4375 -2859.72119140625 
 531461.544921875 3756867.796875 -1205.93310546875 
 532429.28515625 3757724.8125 -3994.803466796875 
 530441.77734375 3758194.203125 -4193.4140625 
 532194.74609375 3758260.015625 -5231.45703125 
 532915.73828125 3758702.59375 -6681.091796875 
 530971.814453125 3758534.796875 -5282.8740234375 
 529855.333984375 3758996.59375 -5905.07958984375 
 531360.3515625 3758913.9375 -6416.91650390625 
 530313.0625 3759522.34375 -7430.74169921875 
 528587.0859375 3759723.0625 -6956.8447265625 
 531922.69921875 3759338.375 -7855.98193359375 
 530917.7734375 3759760.984375 -8557.884765625 
 533539.515625 3759063.390625 -8356.8525390625 
 532528.740234375 3759503.171875 -8944.6044921875 
 534497.83984375 3758370.34375 -7122.25634765625 
 534969.05859375 3758693.953125 -8491.83203125 
 535369.953125 3757752.578125 -6103.0126953125 
 536350.86328125 3757858.359375 -7091.421875 
 536341.140625 3757173.453125 -5300.6201171875 
 537896.22265625 3757100.125 -6359.2138671875 
 537975.23828125 3757734.296875 -8117.525390625 
 538948.91796875 3756112.8125 -4785.05322265625 
 539653.0390625 3756717.546875 -6905.32373046875 
 540883.7578125 3755312.484375 -4704.91064453125 
 540090.8046875 3756013.84375 -5705.27197265625 
 542041.515625 3754571.15625 -4002.75341796875 
 542468.16015625 3754843.0625 -5279.73974609375 
 543947.1796875 3754047.265625 -4817.54345703125 
 544174.109375 3753474.84375 -3473.783203125 
 543561.7578125 3754845.9375 -6639.98046875 
 545101.921875 3753921.265625 -5836.48681640625 
 541693.32421875 3755664.296875 -6600.630859375 
 542716.796875 3755481.828125 -7367.74609375 
 541022.15625 3756499.296875 -7946.7412109375 
 539173.0234375 3757286.828125 -7950.89794921875 
 543052.1953125 3755791.53125 -8567.9833984375 
 541246.10546875 3756973.890625 -9587.4521484375 
 544517.00390625 3755090.453125 -8387.1728515625 
 543887.8515625 3756098.71875 -10216.755859375 
 545425.0546875 3754313.40625 -7285.40576171875 
 546551.97265625 3754391.546875 -8675.5537109375 
 546917.9921875 3753605.46875 -6980.81103515625 
 545036.48046875 3755485.84375 -9878.7958984375 
 546093.77734375 3755365.796875 -10652.080078125 
 544601.3125 3756510.234375 -11938.5615234375 
 543243.5390625 3756754.109375 -11191.3076171875 
 543542.125 3757287.890625 -12781.8115234375 
 542645.39453125 3756467.1875 -9842.0859375 
 541406.453125 3757549.75 -11348.40625 
 540277.68359375 3757607.34375 -10289.4375 
 539507.48828125 3757526.078125 -9173.2294921875 
 539661.00390625 3758204.734375 -11334.291015625 
 540536.3984375 3758390.921875 -12634.1083984375 
 538070.98046875 3758314.453125 -10065.4931640625 
 538232.31640625 3758808.296875 -11639.439453125 
 536766.77734375 3758136.40625 -8270.1455078125 
 536205.890625 3758624.390625 -9310.4208984375 
 536924.7265625 3758754.046875 -10336.9775390625 
 535519.1484375 3759225.28125 -10532.11328125 
 534124.546875 3759403.59375 -9935.00390625 
 534828.28125 3759843.421875 -11767.3662109375 
 531994.33203125 3759970.078125 -9975.140625 
 533196.15234375 3760092.125 -11224.830078125 
 530449.76171875 3760239.921875 -9669.2734375 
 531683.947265625 3760478.640625 -11227.166015625 
 529278.671875 3760145.4375 -8581.134765625 
 529154.986328125 3760605.6875 -9862.693359375 
 527627.17578125 3760601.359375 -8901.59375 
 526645.7734375 3760248.75 -7494.4169921875 
 528072.1953125 3761078.921875 -10533.0546875 
 526745.669921875 3761456.6875 -10768.525390625 
 530338.701171875 3760789.15625 -11170.2900390625 
 529687.158203125 3761335.28125 -12275.41796875 
 531578.576171875 3760966.921875 -12521.927734375 
 533353.9453125 3760636.703125 -12866.3466796875 
 532074.2421875 3761491.390625 -14218.6240234375 
 534731.6328125 3760351.890625 -13098.4365234375 
 534317.296875 3760945.453125 -14390.7099609375 
 536784.3671875 3759648 -12759.923828125 
 536017.6640625 3760219.671875 -13703.8359375 
 536711.10546875 3759212.3125 -11488.2490234375 
 538064.984375 3759405.21875 -13093.33203125 
 539226.078125 3758836.984375 -12604.6640625 
 537353.26953125 3760239.71875 -14670.76953125 
 538832.71875 3759867.546875 -14795.0693359375 
 536007.54296875 3760672.375 -14900.7548828125 
 537022.2578125 3760949.546875 -16120.06640625 
 537703 3760836.203125 -16168.2001953125 
 536341.5078125 3761062.90625 -16071.931640625 
 535660.765625 3761176.25 -16023.7978515625 
 534933.140625 3761404.546875 -16051.75390625 
 534205.52734375 3761632.828125 -16079.7099609375 
 532969.484375 3761576.5625 -15038.2724609375 
 533477.90234375 3761861.125 -16107.666015625 
 532663.38671875 3762095.015625 -16094.048828125 
 531848.884765625 3762328.90625 -16080.4326171875 
 530573.75390625 3762089.3125 -14772.9345703125 
 531007.833984375 3761488.859375 -13528.521484375 
 531034.375 3762562.796875 -16066.8154296875 
 530315.63671875 3762680.6875 -16070.4296875 
 529194.79296875 3762368.265625 -14787.513671875 
 529784.84375 3761807.515625 -13588.5244140625 
 529596.892578125 3762798.578125 -16074.0458984375 
 528766.4375 3762918.046875 -16015.1865234375 
 527483.59765625 3762804.78125 -14983.8291015625 
 527395.009765625 3762461.484375 -13945.1982421875 
 527935.99609375 3763037.515625 -15956.328125 
 527200.056640625 3763232.3125 -15950.390625 
 526464.125 3763427.09375 -15944.4541015625 
 525921.1796875 3763016.78125 -14496.4130859375 
 525633.1875 3763593.71875 -15956.052734375 
 525260.5234375 3762631.25 -12992.068359375 
 526487.83203125 3761988.546875 -12046.3857421875 
 524377.93359375 3763395.359375 -14457.3916015625 
 523646.48828125 3763071.15625 -13064.45703125 
 523206.8203125 3763833.140625 -14762.5576171875 
 524300.05859375 3762157.40625 -11078.509765625 
 523067.556640625 3762719.703125 -11720.453125 
 525564.533203125 3761863.890625 -11130.24609375 
 524623.5390625 3761415.640625 -9361.05859375 
 525864.544921875 3761254.46875 -9691.880859375 
 523451.3671875 3761836.734375 -9697.669921875 
 523802.107421875 3761154.9375 -8231.1376953125 
 522227.615234375 3761731.5 -8589.2705078125 
 525264.357421875 3760885.21875 -8363.240234375 
 524905.994140625 3760438.28125 -6971.90966796875 
 526489.580078125 3759754.125 -6240.05126953125 
 525779.44921875 3759396.421875 -5135.6376953125 
 524074.521484375 3759864.34375 -5438.50048828125 
 527536.80078125 3759277.1875 -5542.04345703125 
 526800.8125 3758942.96875 -4541.0009765625 
 528628.92578125 3758536.875 -4272.69482421875 
 526995.443359375 3758395.109375 -3406.28076171875 
 528311.57421875 3757827.984375 -2507.5556640625 
 524858.291015625 3758840.625 -3669.138671875 
 526123.888671875 3758094.1875 -2519.504150390625 
 522934.556640625 3759455.640625 -4134.54052734375 
 522931.041015625 3758573 -2601.615478515625 
 521985.369140625 3759991.171875 -4727.0302734375 
 521215.38671875 3759655.421875 -3790.09326171875 
 521910.140625 3760586.5 -5825.99462890625 
 523282.763671875 3760632.296875 -6742.4130859375 
 520736.90234375 3760435.953125 -4940.25 
 520810.740234375 3761131.921875 -6348.23876953125 
 519875.951171875 3760039.953125 -3781.51220703125 
 520003.873046875 3758754.484375 -1932.5274658203125 
 519337.08203125 3760819.875 -4802.041015625 
 518593.84765625 3760424.671875 -3615.62353515625 
 519120.15234375 3759604.953125 -2675.024658203125 
 518365.8359375 3761437.078125 -5319.361328125 
 517349.998046875 3760938.390625 -3502.57958984375 
 519541.578125 3761531.125 -6405.02294921875 
 517889.013671875 3762106.265625 -6310.6806640625 
 518953.24609375 3762477.671875 -8118.4658203125 
 517207.265625 3761761.515625 -4883.59765625 
 515821.8662109375 3762543.734375 -5128.43017578125 
 516168.849609375 3761852.015625 -3940.484375 
 516310.7880859375 3760863.96875 -2427.587646484375 
 514842.857421875 3762625.34375 -4052.771240234375 
 514651.4033203125 3763331.125 -5590.1376953125 
 515259.1865234375 3761846 -2874.440673828125 
 514278.9111328125 3762243.359375 -2199.96630859375 
 515205.349609375 3761161.34375 -1660.7388916015625 
 516413.966796875 3759943.15625 -1235.2298583984375 
 513555.9345703125 3762323.140625 -1179.1358642578125
 514523.55859375 3761052.75 -457.8575439453125 
 513461.7861328125 3763038.453125 -2775.271240234375 
 512689.8251953125 3763174.65625 -1570.504638671875 
 513708.7666015625 3763470.078125 -4445.91748046875 
 512678.75390625 3763779.296875 -3391.6875 
 512906.154296875 3764257.484375 -5522.59130859375 
 512028.0771484375 3764414.03125 -4249.033203125 
 514622.2548828125 3763820.34375 -7009.9375 
 512851.5478515625 3764689.359375 -7025.71533203125 
 516313.03125 3763021.234375 -6899.3701171875 
 515584.4873046875 3763778.640625 -8250.974609375 
 517690.26171875 3762702.1875 -7569.8701171875 
 517042.294921875 3763342.515625 -8630.9921875 
 518300.990234375 3763110.390625 -9184.2373046875 
 519356.10546875 3763131.875 -10096.125 
 520785.15234375 3762385.921875 -9258.9462890625 
 517578.36328125 3763783.328125 -10425.48046875 
 519112.142578125 3763741.59375 -11526.0849609375 
 516164.7578125 3763963.859375 -9502.662109375 
 515546.908203125 3764517.515625 -10614.5126953125 
 516381.3466796875 3764620.484375 -11903.994140625 
 514360.9462890625 3764471.5625 -8942.2255859375 
 513467.2373046875 3765010.234375 -9712.1201171875 
 513366.7177734375 3764701.671875 -8189.99560546875 
 512469.240234375 3765236.390625 -8905.2138671875 
 512236.9873046875 3765695.5 -10848.8388671875 
 511230.4775390625 3765581.984375 -7656.96630859375 
 511307.498046875 3765200.359375 -5894.31494140625 
 511269.5439453125 3765894.296875 -10025.7734375 
 510002.9970703125 3766199.5 -8819.3466796875 
 511361.296875 3766145.125 -11790.7587890625 
 509667.1142578125 3766593.71875 -10781.8154296875 
 512676.076171875 3765758.5625 -12062.5185546875 
 512076.0380859375 3766210.203125 -13786.1513671875 
 513440.6533203125 3765294.4375 -10988.78515625 
 514795.46875 3765117.796875 -12059.484375 
 516001.0126953125 3765139.015625 -13305.166015625 
 514661.3759765625 3765442.765625 -13273.7060546875 
 517857.970703125 3764361.734375 -12240.5732421875 
 517451.91796875 3765154.421875 -14342.9921875 
 518753.173828125 3764600.078125 -13559.341796875 
 520033.552734375 3763961.96875 -12779.478515625 
 520131.029296875 3764577.28125 -14403.466796875 
 520719.28515625 3763070.640625 -10963.103515625 
 521751.697265625 3763261.390625 -12197.7685546875 
 522142.984375 3762480.140625 -10459.7587890625 
 521755.400390625 3763962.484375 -14011.3828125 
 521279.96875 3764475.0625 -14961.8896484375 
 520545.60546875 3765128.46875 -16005.8447265625 
 522445.7421875 3764502.3125 -15945.666015625 
 523043.162109375 3764342.71875 -15937.1513671875 
 521802.8203125 3764724.40625 -15991.931640625 
 521159.88671875 3764946.484375 -16038.19921875 
 523640.572265625 3764183.109375 -15928.638671875 
 524221.416015625 3763971.71875 -15948.14453125 
 524802.259765625 3763760.328125 -15967.650390625 
 519931.314453125 3765310.484375 -15973.48828125 
 518679.689453125 3765067.921875 -14774.1083984375 
 518978.599609375 3765492.53125 -15974.76171875 
 518018.333984375 3765628.6875 -15971.8095703125 
 517057.693359375 3765761.84375 -15978.53125 
 516327.0029296875 3765509.53125 -14813.587890625 
 516097.43359375 3765895.65625 -16006.7578125 
 515333.474609375 3765941 -15911.20703125 
 515117.7353515625 3765617.578125 -14441.05859375 
 514569.51953125 3765986.34375 -15815.65625 
 513419.8037109375 3765985.1875 -14527.623046875 
 513444.2998046875 3765754.03125 -13242.2568359375 
 512086.7470703125 3766477.90625 -15767.400390625 
 513007.515625 3766269.890625 -15732.5068359375 
 511165.9658203125 3766685.9375 -15802.2939453125 
 510601.6923828125 3766654.46875 -13828.0498046875 
 510245.203125 3766893.953125 -15837.1875 
 510051.623046875 3766647.609375 -12221.9990234375 
 508847.4853515625 3767142.0625 -12901.798828125 
 508925.3623046875 3767286.390625 -14395.3818359375 
 508510.6513671875 3767083.296875 -11482.734375 
 507211.55712890625 3767553.296875 -11890.560546875 
 507193.7734375 3767808.296875 -13840.744140625 
 507867.8583984375 3767165.28125 -10076.2236328125 
 506353.015625 3767703.984375 -10468.3662109375 
 508496.07421875 3766764.453125 -8622.9306640625 
 507078.7041015625 3767308.015625 -8046.7041015625 
 506395.3798828125 3767596.90625 -9147.2529296875 
 508513.6787109375 3766512.46875 -6621.125 
 507069.326171875 3767126.78125 -6096.54638671875 
 509734.0107421875 3766050.296875 -7346.8388671875 
 509795.8984375 3765815.890625 -5857.65283203125 
 508788.8369140625 3766153.46875 -4600.95703125 
 510508.4287109375 3765291.390625 -4551.224609375 
 509954.765625 3765364.96875 -3079.5361328125 
 508512.4169921875 3766062.6875 -2765.916748046875 
 511071.7666015625 3764785.078125 -3439.563720703125 
 510814.1298828125 3764668.640625 -2153.435791015625 
 509693.140625 3765314.4375 -1542.9295654296875 
 512021.576171875 3763930.703125 -2353.38525390625 
 510735.798828125 3764472.5 -725.87176513671875 
 512170.0537109375 3763233.796875 -427.02584838867188
 513305.0283203125 3762043.0625 16.084535598754883 
 512118.6513671875 3762984.734375 458.03558349609375 
 512798.39453125 3762070.75 1166 
 511200.8857421875 3763935.5 246.68315124511719 
 511350.46484375 3763524.71875 1354.9998779296875 
 510829.4775390625 3763997.28125 1369 
 511871.44140625 3763052.171875 1341 
 512334.9140625 3762561.453125 1253.5008544921875 
 510308.5 3764469.828125 1383 
 509189.078125 3765543.140625 98.947105407714844 
 509608.951171875 3765105.90625 1481.49951171875 
 508384.63671875 3766022.9375 -1111.2069091796875 
 507717.02099609375 3766314.640625 172.09101867675781
 506466.01513671875 3766968.1875 -1978.319580078125 
 506346.31298828125 3766924.984375 -287.5180358886718
 507207.318359375 3766776.9375 -3477.247314453125 
 505340.22119140625 3767517.640625 -3154.516845703125
 507554.73583984375 3766749.4375 -4832.56103515625 
 506051.11328125 3767379.0625 -4811.146484375 
 505588.46630859375 3767748.078125 -6539.91259765625 
 504361.51220703125 3767974.84375 -4583.99609375 
 505624.20654296875 3767827.921875 -8107.0947265625 
 504029.8212890625 3768292.140625 -7579.3310546875 
 505023.3203125 3768053.109375 -9548.03125 
 505201.6435546875 3768085.578125 -11133.2666015625 
 503923.52075195312 3768425.671875 -11527.685546875 
 505442.89111328125 3768118.34375 -12503.8740234375 
 503596.85913085938 3768555.71875 -12932.009765625 
 502202.14501953125 3768831.546875 -12030.15234375 
 504459.71630859375 3768443.65625 -14073.2978515625 
 505876.158203125 3768188.59375 -14369.3369140625 
 503397.11645507812 3768657.203125 -14709.771484375 
 502189.775390625 3768845.875 -14006.4267578125 
 504068.98583984375 3768618.1875 -15907.4013671875 
 505014.82958984375 3768497.25 -15869.7578125 
 503123.12866210938 3768739.140625 -15945.0458984375 
 502183.52368164062 3768852.984375 -14994.552734375 
 502177.27172851562 3768860.09375 -15982.6904296875 
 505960.68701171875 3768376.28125 -15832.1142578125 
 506906.54345703125 3768255.34375 -15794.46875 
 507741.2060546875 3767915 -15805.1484375 
 508575.869140625 3767574.65625 -15815.828125 
 509410.5361328125 3767234.296875 -15826.5078125 
 502195.9833984375 3768838.734375 -13018.2890625 
 502208.31323242188 3768824.359375 -11042.025390625 
 503584.8291015625 3768462.4375 -9550.9501953125 
 502214.4970703125 3768817.1875 -10053.888671875 
 502220.68505859375 3768810.015625 -9065.7509765625 
 502226.89331054688 3768802.859375 -8077.62451171875 
 502233.1015625 3768795.703125 -7089.4873046875 
 503723.16088867188 3768290.375 -6019.41650390625 
 502224.04248046875 3768750.890625 -6098.291015625 
 502214.98364257812 3768706.0625 -5107.10693359375 
 503381.23901367188 3768258.03125 -3835.78759765625 
 502205.9248046875 3768661.234375 -4115.91064453125 
 502196.86596679688 3768616.421875 -3124.71533203125 
 503756.42114257812 3768066.109375 -2614.431396484375
 502187.80688476562 3768571.609375 -2133.53125 
 504945.42041015625 3767564.78125 -1434.2998046875 
 503632.82397460938 3768050.3125 -713.52313232421875 
 504869.37255859375 3767531.796875 41.071136474609375
 505902.4375 3767010.71875 1528 
 503684.77514648438 3768003.265625 1362.999755859375 
 502934.31494140625 3768316.96875 1286.0001220703125 
 504435.23974609375 3767689.5625 1439.999755859375 
 505168.8369140625 3767350.140625 1483.9998779296875 
 502191.63354492188 3768605.71875 424.71231079101562 
 502183.849609375 3768630.671875 1209 
 502194.607421875 3768575.84375 -359.30767822265625 
 502178.748046875 3768526.78125 -1142.336669921875 
 506651.73486328125 3766721.65625 1572.5001220703125 
 507401.02734375 3766432.59375 1617 
 508155.21044921875 3766087.296875 1598.5 
 508909.392578125 3765742 1580 
 513334.486328125 3761461.78125 1129.5 
 513870.5771484375 3760852.8125 1093 
 514279.537109375 3760262.078125 1035.9993896484375 
 515425.5625 3759931.921875 -216.3001708984375 
 514688.48828125 3759671.359375 979 
 515192.4697265625 3759108.875 931.54095458984375 
 515697.0146484375 3758546.75 886.0087890625 
 517117.171875 3758438.421875 -213.3714599609375 
 516205.4658203125 3757987.21875 854.004638671875 
 517529.255859375 3759152.484375 -1233.304443359375 
 517620.787109375 3759946.859375 -2270.474365234375 
 518456.3125 3758330.96875 -830.0770263671875 
 517877.580078125 3757869.671875 -168.95610046386719 
 519651.34765625 3757894.515625 -803.63177490234375 
 518699.63671875 3757444.953125 -47.171279907226562 
 520905.826171875 3757957.359375 -1150.9949951171875 
 520880.158203125 3757185.28125 -160.38226318359375 
 521448.5625 3758693.125 -2356.578369140625 
 522268.5546875 3758039.59375 -1558.66650390625 
 522329.240234375 3757293.75 -462.7147216796875 
 523771.06640625 3757543.328125 -1030.1995849609375 
 523484.484375 3756503.15625 740.2799072265625 
 524893.05078125 3758083.6875 -2181.354248046875 
 525366.681640625 3757140.828125 -469.63833618164062 
 524256.826171875 3756539.015625 708.42138671875 
 526260.580078125 3757543.296875 -1390.51611328125 
 526793.8828125 3757032.875 -405.36529541015625 
 527953.328125 3757200.046875 -966.74285888671875 
 529830.4296875 3756946.703125 -829.1051025390625 
 528402.185546875 3756507.5 596.0001220703125 
 529988.21875 3757538.796875 -2369.97021484375 
 529429.3984375 3758048.03125 -3402.6123046875 
 531014.212890625 3756245.84375 636.9998779296875 
 531917.677734375 3756136.609375 587.00006103515625 
 530110.744140625 3756355.0625 686.9998779296875 
 529256.46875 3756431.28125 641.5001220703125 
 532821.14453125 3756027.375 537 
 533457.1953125 3755936.53125 564.00030517578125 
 534093.234375 3755845.703125 591 
 527710.21875 3756492.5 632 
 527018.25 3756477.5 668 
 526410.53125 3756525.28125 655.50006103515625 
 525802.806640625 3756573.0625 643.00006103515625 
 525029.814453125 3756556.03125 675.7108154296875 
 522712.2421875 3756464.25 772 
 521973.03515625 3756458.15625 779.6666259765625 
 521233.826171875 3756452.078125 787.33331298828125 
 520494.6171875 3756445.984375 795 
 519622.146484375 3756509.65625 791.5 
 518749.67578125 3756573.34375 788 
 518195.318359375 3757150.5625 340.93258666992188 
 518313.419921875 3756646.046875 789.5 
 517295.5390625 3757073.203125 806.50018310546875 
 517877.1640625 3756718.75 791 
 516713.923828125 3757427.671875 822.00006103515625 
 513788.5087890625 3766128.125 -15774.0810546875 
 520841.6953125 3761688.125 -7576.80615234375 
 522131.4453125 3761236.359375 -7265.3212890625 
 528341.5859375 3761665.71875 -12340.7041015625 
 528538.71484375 3762067.046875 -13544.8115234375 
 538593.11328125 3760538.703125 -16149.595703125 
 539483.21875 3760241.203125 -16130.9921875 
 540583.01953125 3759358.375 -15007.4150390625 
 540230.71484375 3760015.03125 -16217.794921875 
 539819.72265625 3759121.671875 -13829.6552734375 
 541086.7421875 3758673.390625 -13825.91796875 
 542012.61328125 3758005.0625 -13048.4443359375 
 542054.03125 3758725.578125 -14758.5380859375 
 543150.265625 3757986.234375 -14047.2236328125 
 541729.828125 3759572.484375 -16379.6787109375 
 542482.39453125 3759358.375 -16452.052734375 
 540978.20703125 3759788.875 -16304.5966796875 
 543259.04296875 3758493.21875 -15270.8408203125 
 543357.0859375 3759025.375 -16481.05078125 
 544382.015625 3757883.59375 -14904.478515625 
 545057.89453125 3756999.34375 -13526.36328125 
 544224.55078125 3758673.671875 -16482.671875 
 545087.98046875 3758311.546875 -16472.90234375 
 545788.203125 3757403.71875 -15100.8974609375 
 545951.609375 3757949.640625 -16476.818359375 
 546959.74609375 3756670.515625 -14529.146484375 
 546989.81640625 3756026.5 -13097.05078125 
 546815.3984375 3757588.171875 -16481.298828125 
 547680.57421875 3757230.078125 -16490.205078125 
 548669.609375 3756371.5 -15361.1923828125 
 548545.7421875 3756872 -16499.111328125 
 547917.29296875 3756034.125 -13975.10546875 
 549083.99609375 3755707.09375 -14388.125 
 548125.2265625 3755219 -12360.9892578125 
 547143.25 3755279.875 -11491.8388671875 
 549149.8515625 3755134.953125 -13201.48046875 
 549243.62109375 3754476.265625 -11794.2158203125 
 550683.40234375 3755250.15625 -14955.8583984375 
 551108.3984375 3754526.546875 -13899.1455078125 
 552760.31640625 3754315.859375 -15259.02734375 
 550239.1640625 3754461.0625 -12861.0625 
 552015.65625 3753446.578125 -12753.9228515625 
 551232.54296875 3753470.609375 -11739.1845703125 
 549345.296875 3753891.453125 -10470.62109375 
 551149.73828125 3752851.875 -10056.5751953125 
 548315.4140625 3754527.25 -10903.8974609375 
 548219.4453125 3754037.515625 -9562.1904296875 
 547205.703125 3754769.609375 -10292.962890625 
 548080.7421875 3753592.90625 -8193.974609375 
 549810.6953125 3753135.609375 -9009.8310546875 
 549612.4921875 3752630.1875 -7387.1572265625 
 551382.83203125 3752072.34375 -8108.72314453125 
 552734.01953125 3751822.96875 -9638.7978515625 
 550347.890625 3751749.203125 -6099.24267578125 
 551933.390625 3751100.671875 -6416.8544921875 
 548627.54296875 3752369.703125 -5687.42724609375 
 548231.6015625 3753023.40625 -6892.89404296875 
 549140.984375 3751494.546875 -4075.7392578125 
 547495.46484375 3752492.75 -4722.75439453125 
 550865.40625 3750902.78125 -4687.056640625 
 549971.67578125 3750786.1875 -3273.720458984375 
 551989.9375 3750542.453125 -5247.94775390625 
 553120.7421875 3750631.859375 -6926.080078125 
 552497.44140625 3749858.09375 -4270.828125 
 551146.11328125 3750129.578125 -3072.220703125 
 553535.21484375 3749924.015625 -5958.57275390625 
 553935.83203125 3749115.03125 -4588.765625 
 554423.60546875 3749935.25 -7340.30078125 
 555169.53515625 3748957.1875 -6356.791015625 
 553463.58203125 3750906.21875 -8113.880859375 
 554641.3125 3750274.265625 -8847.5849609375 
 552388.3671875 3751429.6875 -7588.662109375 
 553716.2421875 3751103.140625 -9331.3125 
 553832.62890625 3751643.46875 -11156.931640625 
 554548.37109375 3750817.40625 -10243.8388671875 
 556129.875 3749554.109375 -10145.7490234375 
 555002.78125 3751002.546875 -11689.5 
 554420.4453125 3751873.421875 -12787.044921875 
 555455.7265625 3751271.53125 -13234.51171875 
 552716.92578125 3752489.59375 -11446.931640625 
 553137.97265625 3752861.609375 -12970.2021484375 
 552287.91796875 3753854.65625 -13931.05859375 
 553742.28515625 3753378.78125 -14833.9853515625 
 554024.796875 3754133.40625 -16408.998046875 
 554559.4140625 3753694.5 -16373.5498046875 
 553490.1953125 3754572.296875 -16444.4453125 
 552955.5859375 3755011.1875 -16479.892578125 
 552138.06640625 3755394.234375 -16487.890625 
 551320.53515625 3755777.296875 -16495.888671875 
 550558.00390625 3756115.15625 -16467.84375 
 549795.45703125 3756453.015625 -16439.798828125 
 549170.59375 3756662.515625 -16469.455078125 
 555291.7734375 3753022.09375 -16345.6005859375 
 555427.23828125 3752248.109375 -15223.943359375 
 556024.1171875 3752349.703125 -16317.65234375 
 554694.36328125 3752347.09375 -14214.7646484375 
 555909.08984375 3751424.625 -14414.3603515625 
 556536.12109375 3751296.953125 -15392.6376953125 
 556704.7421875 3750451.21875 -13823.341796875 
 556479.0234375 3751886.203125 -16400.732421875 
 556933.9296875 3751422.703125 -16483.810546875 
 557550.0546875 3750876.625 -16561.751953125 
 557590.46875 3750034.140625 -14816.1328125 
 558166.1640625 3750330.5625 -16639.693359375 
 557394.58984375 3749412.3125 -12751.2666015625 
 558520.23828125 3748722.125 -13727.0625 
 556129.3203125 3750434.90625 -12557.6669921875 
 556569.28125 3749659.328125 -11479.6162109375 
 557587.2265625 3748706.609375 -11295.185546875 
 557217.73046875 3748532.953125 -9820.140625 
 558589.30859375 3748175.25 -12313.482421875 
 558720.8125 3747522.828125 -10671.693359375 
 560087.54296875 3746572.078125 -11254.0693359375 
 559207.6484375 3746676.59375 -9086.0732421875 
 559724.1640625 3747394.6875 -12967.75390625 
 560829.3515625 3746298.078125 -12513.9296875 
 559950.234375 3747789.015625 -14850.76171875 
 558744.98046875 3749077.65625 -15290.9560546875 
 561217.08984375 3746348.9375 -13946.2705078125 
 561429.765625 3746573.609375 -15396.5048828125 
 561965.4140625 3745378.171875 -12834.615234375 
 562762.9765625 3745199.03125 -14953.0390625 
 561887.765625 3745062.71875 -11223.810546875 
 563226.5703125 3744317.453125 -12995.806640625 
 560918.078125 3745748.84375 -10714.3271484375 
 561575.796875 3744799.875 -8924.0498046875 
 560328.3125 3745931.71875 -9584.693359375 
 560665.90625 3745323.09375 -8219.8798828125 
 561790.9765625 3744270.890625 -7278.65478515625 
 559650.95703125 3746012.046875 -7910.21875 
 560527.55078125 3745133.46875 -6983.53369140625 
 559249.80859375 3745989.234375 -6712.912109375 
 561067.54296875 3744457.203125 -5699.59130859375 
 562871.9375 3743313.921875 -6300.12255859375 
 559220.51171875 3745669.765625 -5494.7900390625 
 560100.5703125 3744829.5625 -4498.65185546875 
 558233.02734375 3746736.28125 -6778.12255859375 
 557595.4375 3746635.234375 -4936.6640625 
 558509.69140625 3746902.515625 -8023.69482421875 
 556909.33984375 3748202.46875 -7895.455078125 
 558069.58203125 3747543.625 -9041.5263671875 
 555630.9296875 3749352.4375 -8188.15234375 
 556656.53515625 3747734.015625 -6237.34765625 
 554972.92578125 3748625.359375 -5147.70849609375 
 556132.53515625 3747689.671875 -4896.49365234375 
 556276.6640625 3747174.015625 -3571.468017578125 
 555104.6015625 3748134.015625 -3988.85693359375 
 554032.0546875 3748493.890625 -2972.136962890625 
 555256.60546875 3747542.5625 -2404.2392578125 
 552726.0546875 3749086.109375 -2472.425537109375 
 554081.52734375 3748062.0625 -1522.106201171875 
 552596.421875 3748758.671875 -1019.793701171875 
 555627.9140625 3746955.40625 -1032.1318359375 
 554366.03515625 3747520.46875 331.00021362304688 
 556437.90625 3746606.390625 -2110.107421875 
 557139.8984375 3745902.078125 -1137.9716796875 
 557405.59765625 3746267.78125 -3272.611572265625 
 558437.35546875 3745422.28125 -2645.051025390625 
 558904.90625 3744797.59375 -1310.32666015625 
 558533.95703125 3745765.875 -4127.1337890625 
 559915.08984375 3744581.265625 -2952.019287109375 
 561255.09765625 3744036.703125 -4272.2197265625 
 561390.98046875 3743688.984375 -2902.861328125 
 560485.70703125 3743920.734375 -1480.07080078125 
 562453.23046875 3743289.5625 -4437.9375 
 562738.56640625 3742832.046875 -2608.01953125 
 563425.171875 3742745.734375 -5028.60791015625 
 563969.328125 3742529.078125 -6151.0791015625 
 563758.3828125 3742330.6875 -3645.02001953125 
 564458.69921875 3742027.578125 -4986.85302734375 
 564815.2890625 3741658.59375 -3831.843505859375 
 565590.65625 3741374.15625 -6117.53466796875 
 566353.9765625 3740751.15625 -5167.6669921875 
 564639.28125 3742200.4375 -7293.12255859375 
 566232.828125 3741031.578125 -7300.74853515625 
 563600.07421875 3742956.1875 -7307.3837890625 
 565068.01953125 3742049.0625 -8642.4814453125 
 564369.53125 3742745.53125 -9666.2890625 
 565585.8984375 3741826.078125 -9957.9326171875 
 563055.50390625 3743534.09375 -8316.9345703125 
 562700.8984375 3744076.453125 -9733.19140625 
 563408.46875 3743766.984375 -11087.97265625 
 564608.4140625 3742769.09375 -11038.330078125 
 564500.64453125 3743091 -12389.1005859375 
 565653.421875 3741968.09375 -11504.03515625 
 566956.859375 3740771.890625 -10449.3359375 
 565470.26171875 3742484.34375 -13814.7626953125 
 566564.453125 3741451.546875 -13377.8408203125 
 564495.58203125 3743325.84375 -13656.724609375 
 565608.390625 3742630.65625 -15318.853515625 
 566978.8671875 3741279.859375 -14866.4072265625 
 564148.875 3743871.28125 -14778.6982421875 
 564715.703125 3743782.859375 -16750.779296875 
 564030.0234375 3744450.890625 -16755.3515625 
 563344.34765625 3745118.9375 -16759.91796875 
 562658.6640625 3745786.96875 -16764.486328125 
 561972.99609375 3746455 -16769.052734375 
 561287.31640625 3747123.03125 -16773.623046875 
 560601.6328125 3747791.0625 -16778.1953125 
 559915.94921875 3748459.09375 -16782.76953125 
 559230.265625 3749127.125 -16787.341796875 
 558698.21484375 3749728.84375 -16713.517578125 
 565401.38671875 3743114.828125 -16746.205078125 
 566087.078125 3742446.796875 -16741.630859375 
 566772.765625 3741778.765625 -16737.056640625 
 567458.4375 3741110.734375 -16732.48828125 
 567859.03125 3740548.625 -15474.578125 
 568144.109375 3740442.71875 -16727.91796875 
 567532.0390625 3740619.171875 -13657.8134765625 
 568349.7578125 3739954.53125 -14424.1416015625 
 568485.6171875 3739684 -12564.8896484375 
 569119.1796875 3739342.453125 -15419.419921875 
 569805.75 3738630.09375 -14559.9443359375 
 568829.7890625 3739774.671875 -16723.349609375 
 569469.359375 3739102.859375 -16753.283203125 
 570108.9375 3738431.046875 -16783.216796875 
 570744.2421875 3737759.703125 -15817.60546875 
 570748.515625 3737759.21875 -16813.15234375 
 570739.96875 3737760.203125 -14822.0576171875 
 570735.6953125 3737760.703125 -13826.5107421875 
 569416.6875 3738920.875 -13346.7314453125 
 570731.4375 3737761.203125 -12830.962890625 
 569797.328125 3738545.234375 -12189.3623046875 
 569049.0546875 3739132.578125 -11355.4580078125 
 567950.96875 3740030.25 -11163.16015625 
 570722.9375 3737762.234375 -10839.8681640625 
 569492.4453125 3738707.359375 -9360.689453125 
 570727.1796875 3737761.71875 -11835.416015625 
 570718.6796875 3737762.75 -9844.3212890625 
 568205.9296875 3739696.390625 -9370.37890625 
 569136.4375 3738901.125 -7344.81982421875 
 567393.609375 3740224.359375 -7976.56640625 
 570710.3359375 3737763.5625 -7853.2265625 
 570710.3359375 3737760.28125 -6857.67529296875 
 570714.40625 3737763.234375 -8848.7734375 
 569652.328125 3738495.78125 -6171.515625 
 570710.3359375 3737756.984375 -5862.1240234375 
 568148.6171875 3739583.890625 -6559.23095703125 
 568774.9296875 3739092.875 -5359.26904296875 
 567474.0078125 3739961.75 -4791.15869140625 
 569665.3125 3738467.703125 -4658.78271484375 
 568351.7578125 3739324.96875 -3869.093505859375 
 569457.9765625 3738579.3125 -3376.0205078125 
 568774.03125 3738966.34375 -1986.6549072265625 
 570710.3359375 3737750.421875 -3871.022216796875 
 570710.3359375 3737747.125 -2875.47021484375 
 570710.3359375 3737753.6875 -4866.57275390625 
 570710.3359375 3737743.90625 -1879.9195556640625 
 569629.9140625 3738408.6875 -1177.4395751953125 
 570710.3359375 3737744.21875 -884.36505126953125 
 568355.8515625 3739099.59375 78.334434509277344 
 567245.8671875 3739855.40625 -1493.8778076171875 
 569147.34375 3738665.75 66.971687316894531 
 569931.921875 3738219.375 74.58416748046875 
 570710.3359375 3737763.71875 111 
 567561.9765625 3739529.046875 72.32952880859375 
 567309.2578125 3739951.828125 -3125.70361328125 
 566008.5546875 3740762.453125 -2781.96142578125 
 565852.890625 3740747.515625 -1647.681884765625 
 565865.6015625 3740965.78125 -3897.70361328125 
 564616.9140625 3741646.90625 -2577.57470703125 
 566992.828125 3740396.375 -6333.63720703125 
 566202.484375 3741196.34375 -8679.6171875 
 567152 3740514.71875 -9204.0166015625 
 567398.578125 3740603.0625 -12360.787109375 
 565218.01171875 3741205.734375 -2080.47216796875 
 563627.30859375 3742152.5 -1427.3646240234375 
 564466.76953125 3741583.65625 -951.55413818359375 
 562886.77734375 3742546.625 -1006.3045654296875 
 563209.65625 3742346.78125 -709.8641357421875 
 562273.80078125 3742980.1875 -1703.16552734375 
 562116.48046875 3742943.0625 -688.5740966796875 
 561390.2734375 3743403.109375 -1304.8665771484375 
 560806.35546875 3743470.234375 121.78453826904297 
 559919.9375 3743856.765625 117.9517822265625 
 561702.5625 3743107 118 
 562453.76171875 3742689.84375 125.57314300537109 
 562844.20703125 3742521.71875 -324.2880859375 
 563219 3742301.5 116 
 563380.22265625 3742221.734375 -275.860107421875 
 563608.14453125 3742092.984375 -618.520751953125 
 563793.90625 3741931.75 153.5 
 564232.71875 3741691 -433.2681884765625 
 564688.92578125 3741419.703125 -491.24716186523438 
 564066.25 3741756 117 
 564338.4765625 3741634.171875 -139.1375732421875 
 564222.5390625 3741700.875 150.00050354003906 
 564378.8203125 3741645.765625 183 
 564906.79296875 3741223.453125 118.11608123779297 
 565437.18359375 3740802.4375 72.442214965820312 
 565195.26171875 3741128.28125 -1176.365478515625 
 565971.7578125 3740383.671875 60 
 566767.765625 3739958 66.373893737792969 
 563521.5625 3742107.5 189.99998474121094 
 563370.28125 3742204.5 152.99998474121094 
 559031.4375 3744238.5 117 
 558430.34375 3744538.5 139 
 557829.25 3744838.5 161 
 557225.625 3745416.75 163.27658081054688 
 556607.796875 3745979.140625 183 
 555882.546875 3746499.703125 233.50025939941406 
 555157.3046875 3747020.25 284 
 553574.765625 3748020.703125 378 
 552856.5234375 3748338.90625 390.49993896484375 
 552138.2734375 3748657.125 403 
 551322.4765625 3748980.765625 334.375 
 551620.7578125 3749415.046875 -1720.0013427734375 
 550506.6796875 3749304.40625 265.75 
 550368.3359375 3749920.34375 -1441.4410400390625 
 549768.50390625 3749625.734375 258.41668701171875 
 549248.01171875 3750264.21875 -947.9825439453125 
 549030.32421875 3749947.0625 251.08332824707031 
 549039.6875 3750855.546875 -2283.22314453125 
 548130.05859375 3750843.6875 -1107.0244140625 
 547779.34765625 3751504.90625 -2446.68115234375 
 548292.1484375 3750268.390625 243.75 
 547539.453125 3750628.28125 237.57138061523438 
 546786.7578125 3750988.171875 231.39277648925781 
 546679.859375 3751678.59375 -1549.417236328125 
 546033.8515625 3751347.65625 227.81327819824219 
 546964.03125 3752215.53125 -3363.87060546875 
 545816.0234375 3752410.234375 -2467.265625 
 545308.12890625 3753164.4375 -3967.8642578125 
 546417.30859375 3753229.609375 -5428.8798828125 
 544457.32421875 3752958.34375 -2356.034912109375 
 543837.28515625 3752781.6875 -1039.5166015625 
 545084.38671875 3752277.203125 -1161.03857421875 
 543761.734375 3752396.921875 243 
 544522.71875 3752055.046875 231.47970581054688 
 545280.890625 3751707.046875 224.99017333984375 
 546035.39453125 3755885.046875 -11848.3662109375 
 542499.53125 3757395.03125 -12023.2421875 