
238380.859375 3911902.7578125 -3679.20458984375 
239697.53125 3910114.359375 -4054.125732421875 
239721.296875 3910186.375 -3104.300537109375 
238819.171875 3911522.3125 -1749.4964599609375 
238689.703125 3911331.703125 -5554.97216796875 
237488.875 3912951.0625 -4867.80078125 
239673.78125 3910042.3515625 -5003.951171875 
239650.015625 3909970.3359375 -5953.77685546875 
238757.25 3911106.96875 -7031.44287109375 
 237793.5625 3912384.1015625 -6568.64404296875 
 239626.234375 3909898.3203125 -6903.6025390625 
 239602.46875 3909826.3046875 -7853.42724609375 
 238365.125 3911478.4609375 -8425.4404296875 
 239578.6875 3909754.2890625 -8803.251953125 
 237524.78125 3912630.1796875 -8239.1669921875 
 236815.84375 3913701.1328125 -7592.32080078125 
 237889.40625 3911986.0625 -9739.6884765625 
 238762.78125 3910781.6015625 -10293.9833984375 
 237063.3125 3913194.640625 -9478.939453125 
 237173.0625 3912917.328125 -10975.2734375 
 235863.75 3914978.921875 -8686.9970703125 
 236192.25 3914388.3359375 -10173.666015625 
 236075.59375 3914807.015625 -7003.4111328125 
 236547.71875 3914231.4921875 -5752.65478515625 
 235298.25 3915854.8828125 -7972.38330078125 
 235274.40625 3915987.3203125 -6715.45703125 
 234945.1875 3916278.4921875 -9109.796875 
 235273.40625 3915671.53125 -10790.1142578125 
 234243.1875 3917321.2734375 -8047.380859375 
 234193.375 3917261.2578125 -10195.62890625 
 234505.71875 3917074.7421875 -6763.93212890625 
 233514.90625 3918275.625 -6785.35693359375 
 234905.4375 3916620.2421875 -5460.91357421875 
 235775.21875 3915346.1171875 -5622.8291015625 
 234010.3125 3917734.5 -5716.6826171875 
 233912 3917928.328125 -4387.4423828125 
 232750.28125 3919338.390625 -5165.91943359375 
 232729.03125 3919286.9375 -6982.83642578125 
 232079.53125 3920199.5625 -6092.25341796875 
 233309.5625 3918459.1953125 -8052.0087890625 
 232265.5625 3919805.5 -9359.35546875 
 233224.4375 3918508.9375 -9520.85546875 
 232305.21875 3919665.0703125 -11336.8193359375 
 233254.65625 3918399.875 -11074.6611328125 
 231342.40625 3921023.0234375 -9901.00390625 
 231074.28125 3921315.2265625 -11453.0146484375 
 231730.34375 3920583.265625 -8041.84521484375 
 230623.25 3921995.796875 -9403.328125 
 231219.375 3921343.5078125 -6098.43408203125 
 230554.03125 3922135.9140625 -8104.06298828125 
 231909.78125 3920517.0234375 -4067.29296875 
 230895.4375 3921828.1015625 -4490.48095703125 
 232447.96875 3919837.546875 -3062.87158203125 
 233275.46875 3918748.6875 -3528.9013671875 
 231633.53125 3920930.5703125 -2750.067138671875 
 232271.5 3920131.28125 -1781.482666015625 
 231296.4375 3921434.0546875 -1097.614990234375 
 233075.96875 3919066.046875 -2185.463134765625 
 232798.46875 3919487.1796875 -679.24212646484375 
 233870.09375 3918140.6328125 -1507.87451171875 
 234525.59375 3917238.9296875 -3406.445068359375 
 233648.9375 3918529.3046875 638.9375 
 234194.84375 3917867.2578125 643.25 
 233103.0625 3919191.34375 634.62506103515625 
 232557.15625 3919853.390625 630.3125 
 232063.53125 3920498.0078125 626 
 231569.90625 3921142.625 621.68756103515625 
 231076.25 3921787.265625 617.37493896484375 
 230311.5 3922725.6171875 -966.5782470703125 
 230582.625 3922431.8828125 613.0625 
 230777.0625 3922048.125 -2780.522216796875 
 229947.34375 3923151.2265625 -2626.8701171875 
 229333.53125 3924029.4140625 -1743.8109130859375 
 229914.21875 3923145.671875 -4015.307861328125 
 228815.75 3924650.40625 -3985.123779296875 
 228987.40625 3924358.5625 -5331.685546875 
 228647.8125 3924959.8828125 -2594.45166015625 
 227928.5625 3925931.03515625 -3581.17138671875 
 228413.28125 3925385.2265625 -785.89666748046875 
 229359.21875 3924054.5859375 -535.25909423828125 
 227917.8125 3926028.2421875 -1974.8255615234375 
 227576.34375 3926578.81640625 -765.6683349609375 
 227027.1875 3927244.203125 -3349.47998046875 
 226869.3125 3927600.8515625 -1348.0687255859375 
 227461.71875 3926516.46484375 -5108.57861328125 
 226348.34375 3928204.41796875 -3941.0966796875 
 228233.75 3925429.38671875 -4917.5361328125 
 228350.875 3925195.6484375 -6238.72607421875 
 229102.5625 3924147.9765625 -6811.70361328125 
 228451 3924979.765625 -8309.462890625 
 229737.78125 3923318.375 -5862.576171875 
 229876.34375 3923066.7109375 -7595.7626953125 
 230416 3922370.0234375 -6696.2587890625 
 229888.53125 3922999.0390625 -8997.365234375 
 229212.96875 3923946.984375 -8204.3662109375 
 228890.25 3924316.5703125 -10109.9404296875 
 227852.34375 3925763.96875 -9137.80859375 
 228110.34375 3925367.359375 -10389.5107421875 
 227845.65625 3925845.12109375 -7572.7978515625 
 226687.15625 3927438.55078125 -9062.6962890625 
 227041.15625 3927033.58984375 -6944.3896484375 
 226524.625 3927740.05859375 -7850.74609375 
 226155.40625 3928334.73828125 -6803.92919921875 
 225940.21875 3928510.7890625 -9416.4169921875 
 226096.375 3928206.43359375 -10858.2841796875 
 225673.28125 3928966.59765625 -8170.4775390625 
 224963.71875 3929962.38671875 -8937.3447265625 
 225428.875 3929386.79296875 -6975.900390625 
 226155.25 3928418.50390625 -5225.7490234375 
 224752.625 3930338.3515625 -7658.76025390625 
 224843.25 3930324.65234375 -6312.34521484375 
 224119.875 3931352.4375 -6628.3955078125 
 225349.75 3929639.15234375 -5118.36865234375 
 224851.03125 3930523.75 -4060.5390625 
 226810.65625 3927433.98828125 -5740.0859375 
 225943.8125 3928913.91796875 -2908.884521484375 
 226098.6875 3928859.0234375 -954.160888671875 
 226686.375 3928077.7578125 576.40631103515625 
 225296.15625 3930081.34375 -1395.0572509765625 
 224896.5 3930542.23046875 -2658.549560546875 
 225635.71875 3929739.78125 565.625 
 225050.65625 3930518.421875 560.234375 
 226161.03125 3928908.77734375 571.015625 
 224140.71875 3931653.50390625 -795.60406494140625 
 224465.59375 3931297.06640625 554.84368896484375 
 224106.3125 3931618.51953125 -2228.509033203125 
 222945.65625 3933186.65234375 -1486.8355712890625 
 223377.125 3932552.4765625 -2796.225341796875 
 223295.5 3932854.3359375 544.06243896484375 
 222710.4375 3933632.96875 538.671875 
 223880.5625 3932075.69140625 549.453125 
 221790.53125 3934759.66015625 -840.039306640625 
 222125.375 3934411.6015625 533.28125 
 221745.65625 3934715.84765625 -2294.465087890625 
 222573 3933583.2421875 -2925.5517578125 
 220596.21875 3936291.26171875 -1383.43212890625 
 220773.8125 3935972.0625 -2799.63134765625 
 220955.25 3935968.875 522.5 
 220351.15625 3936732.68359375 516.927001953125 
 221540.3125 3935190.23828125 527.890625 
 219941.625 3937163.08984375 -710.45184326171875 
 219747.0625 3937496.4921875 511.35406494140625 
 220000.03125 3936968.625 -2450.70849609375 
 219377.6875 3937808.49609375 -1662.4874267578125 
 219031.46875 3938114.5546875 -3512.638916015625 
 219142.96875 3938260.3046875 505.78106689453125 
 218184.3125 3939351.4140625 -1091.9669189453125 
 218536.96875 3939022.58984375 500.2542724609375 
 218136.78125 3939300.34375 -2754.19970703125 
 216932.125 3940839.3515625 -1652.0487060546875 
 217142.96875 3940484.81640625 -3210.851318359375 
 217299.8125 3940526.84765625 489.81463623046875 
 216681.25 3941278.96875 484.59487915039062 
 217918.40625 3939774.7109375 495.03451538085938 
 215745.5625 3942338.4375 -1305.0631103515625 
 216062.65625 3942031.10546875 479.375 
 216008.53125 3941897.77734375 -3339.247314453125 
 214989.15625 3943192.5625 -3257.3994140625 
 214627.09375 3943730.234375 -1739.5814208984375 
 215558.9375 3942410.6171875 -4423.3642578125 
 214799.65625 3943329.390625 -4891.0615234375 
 216014.71875 3941778.55859375 -5439.478515625 
 217039.125 3940509.90234375 -4819.619140625 
 215255.1875 3942706.8046875 -5934.89990234375 
 215763.90625 3942008.0546875 -7151.1875 
 214332.46875 3943815.12109375 -6033.88671875 
 214016.5625 3944322.94921875 -4207.8037109375 
 214532.09375 3943486.23046875 -7303.9375 
 213916.1875 3944225.32421875 -7380.3125 
 215148 3942747.14453125 -7227.56201171875 
 213575.5 3944766.6796875 -5501.74853515625 
 213300.28125 3944964.4140625 -7456.68701171875 
 213105.59375 3945433.21484375 -4395.70458984375 
 213457.15625 3945074.30078125 -3116.996826171875 
 212844.65625 3945640.18359375 -6198.1435546875 
 212374.53125 3946319.62109375 -5148.91259765625 
 212691.71875 3945742.11328125 -7520.607421875 
 212083.15625 3946519.80859375 -7584.52783203125 
 211891.90625 3946858.3046875 -6290.1220703125 
 211474.5625 3947297.5234375 -7648.44921875 
 211656.46875 3947276.56640625 -4674.99951171875 
212294.75 3946543.01171875 -3459.521240234375 
211159.53125 3947840.609375 -5718.927734375 
210647.78125 3948574.45703125 -4656.72998046875 
210404.3125 3948761.93359375 -6409.6884765625 
211246.25 3947879.77734375 -3614.625244140625 
209905.125 3949709.68359375 -3667.289794921875 
211695.375 3947384.06640625 -2474.60400390625 
212401.3125 3946527.3515625 -1757.06298828125 
210878.90625 3948433.05078125 -2481.893310546875 
211316.71875 3947951.89453125 -1341.9676513671875 
210191.28125 3949444.46484375 -2003.8487548828125 
 209302.4375 3950666.484375 -2385.316650390625 
 210608.46875 3948946.96875 -865.20330810546875 
 209686.5 3950257.36328125 -931.58782958984375 
 210008.46875 3949914.64453125 425.46881103515625 
 209464 3950691.3984375 420.07809448242188 
 210552.90625 3949137.91015625 430.85940551757812 
 211097.34375 3948361.171875 436.25 
 211646.15625 3947655.55859375 441.10165405273438 
 212194.96875 3946949.9453125 445.95333862304688 
 212743.75 3946244.34375 450.80490112304688 
 213513.59375 3945131.375 -1301.63623046875 
 213292.5625 3945538.73046875 455.65655517578125 
 213844.5625 3944835.6015625 460.44244384765625 
 214399.0625 3944134.4921875 465.17547607421875 
 214953.59375 3943433.36328125 469.90866088867188 
 214250.84375 3944132.1875 -2869.089111328125 
 215508.125 3942732.234375 474.641845703125 
 208919.5625 3951468.1328125 414.6875 
 208511.0625 3951741.984375 -1579.6832275390625 
 208282.15625 3952203.0234375 409.11892700195312 
 208173.125 3952006.8671875 -2901.433837890625 
 207224.9375 3953194.74609375 -2253.84521484375 
 208768.65625 3951159.82421875 -3830.630615234375 
 207583.3125 3952609.4921875 -4005.395751953125 
 208178.78125 3951765.984375 -4905.306640625 
 206710.0625 3953594.59375 -4521.634765625 
 206215.40625 3954329.671875 -2601.128662109375 
 207077.78125 3953030.92578125 -5766.67041015625 
 205926.21875 3954316.12109375 -6656.6357421875 
 207096.90625 3952853.05078125 -7087.47412109375 
 205467.59375 3954955.921875 -5441.81494140625 
 205161.40625 3955215.39453125 -7333.111328125 
 205848.59375 3954628.89453125 -4084.78662109375 
 204668.65625 3956017.33984375 -4396.712890625 
 205301.875 3955344.88671875 -3188.482421875 
 205331.75 3955419.98828125 -1921.184326171875 
 204510.90625 3956294.38671875 -2888.714599609375 
 203712.28125 3957397.822265625 -3623.88916015625 
 204098.03125 3956926.45703125 -1545.1605224609375 
 204848.65625 3956073.421875 -890.34674072265625 
 202981.96875 3958555.90625 -1846.583740234375 
 202458.34375 3959315.0078125 -2795.6669921875 
 203475.03125 3957846.224609375 -882.462890625 
 203838.09375 3957362.6484375 371.5625 
 202480.59375 3959410.587890625 -970.90533447265625 
 202835.0625 3958946.123046875 360.78125 
 202333.53125 3959737.8671875 355.39059448242188 
 203336.59375 3958154.37890625 366.17193603515625 
 201820.9375 3960481.744140625 -562.3526611328125 
 201832.03125 3960529.59765625 349.99942016601562 
 201809.84375 3960433.888671875 -1474.7093505859375 
 201798.78125 3960386.03515625 -2387.060791015625 
 201787.6875 3960338.181640625 -3299.412841796875 
 201776.59375 3960290.326171875 -4211.76953125 
 202756.8125 3958714.6328125 -4597.56005859375 
 201765.5 3960242.47265625 -5124.12158203125 
 203855.09375 3957139.6328125 -5195.7392578125 
 203223.9375 3957989.63671875 -6394.6416015625 
 204709.96875 3955892.95703125 -6241.62744140625 
 204197.5625 3956574.0078125 -7467.83544921875 
 203425.125 3957658.78515625 -7688.2919921875 
 202529.8125 3958939.146484375 -7301.1982421875 
 203984 3956824.05859375 -8924.0810546875 
 204551.5625 3956025.28515625 -8809.6572265625 
 203416.4375 3957622.83203125 -9038.5048828125 
 202848.875 3958421.60546875 -9152.9287109375 
 202281.3125 3959220.37890625 -9267.3525390625 
 201723.59375 3960061.689453125 -8570.7919921875 
 201713.75 3960019.15234375 -9381.7763671875 
 201733.46875 3960104.2265625 -7759.81298828125 
 201743.3125 3960146.763671875 -6948.83203125 
 202491.65625 3959043.015625 -5905.3212890625 
 201754.375 3960194.6171875 -6036.47802734375 
 205119.125 3955226.51171875 -8695.2333984375 
 205686.6875 3954427.73828125 -8580.8095703125 
 206258.03125 3953730.88671875 -8480.2451171875 
 206829.375 3953034.03125 -8379.6796875 
 207400.71875 3952337.1796875 -8279.1142578125 
 207972.0625 3951640.33203125 -8178.5498046875 
 208230.5625 3951544.203125 -6255.2919921875 
 208543.40625 3950943.47265625 -8077.984375 
 208997.59375 3950709.68359375 -5254.61767578125 
 209380.875 3950080.375 -6573.98828125 
 209930.25 3949527.5234375 -5366.30029296875 
 209686.09375 3949549.76953125 -7876.85400390625 
 209114.75 3950246.625 -7977.419921875 
 210257.4375 3948852.91796875 -7776.28955078125 
 210866 3948075.22265625 -7712.36962890625 
 204471.1875 3956624.03125 376.78616333007812 
 205104.28125 3955885.4140625 382.00985717773438 
 205825.4375 3954935.8125 -859.4327392578125 
 205737.375 3955146.796875 387.2335205078125 
 206370.46875 3954408.18359375 392.45721435546875 
 206633.125 3953979.29296875 -1064.9849853515625 
 207007.3125 3953672.8046875 397.98178100585938 
 207703.21875 3952750.4296875 -998.39208984375 
 207644.75 3952937.91796875 403.55032348632812 
 216275.40625 3941357.08984375 -7112.4228515625 
 216786.875 3940706.1484375 -7073.6591796875 
 217298.375 3940055.18359375 -7034.89501953125 
 217830.5 3939466.34765625 -5854.1796875 
 217855.75 3939338.359375 -7271.09521484375 
 217892.09375 3939507.93359375 -4181.21630859375 
 218589.4375 3938565.81640625 -5056.15087890625 
 219541.03125 3937367.44921875 -5083.65185546875 
 218945.125 3938032.578125 -6326.57568359375 
 220051.125 3936816.3828125 -3749.997802734375 
 220512.125 3936160.6015625 -4874.43994140625 
 221204.125 3935313.11328125 -4032.311767578125 
 222025.5625 3934201.49609375 -4433.28076171875 
 221424.75 3934891.76171875 -5888.09521484375 
 222907.5 3933068.34375 -4335.74365234375 
 222392.15625 3933652.8359375 -5712.21630859375 
 223864.53125 3931760.2734375 -5424.46728515625 
 221740.59375 3934397.69921875 -7353.83154296875 
 220861.875 3935554.60546875 -7040.1025390625 
 222433.25 3933470.9765625 -7901.90966796875 
 221738.40625 3934307.796875 -8930.0146484375 
 223021.3125 3932772.54296875 -6865.826171875 
 223192.40625 3932474.99609375 -8167.94775390625 
 224005.96875 3931431.4140625 -7917.65966796875 
 222835.875 3932862.51171875 -9407.435546875 
 223384.625 3932139.859375 -9646.1494140625 
 222287.15625 3933585.1484375 -9168.7275390625 
 223933.34375 3931417.22265625 -9884.857421875 
 224474.09375 3930614.52734375 -10128.212890625 
 223854.21875 3931865.10546875 -3808.836669921875 
 225014.875 3929811.82421875 -10371.572265625 
 225555.625 3929009.12890625 -10614.9287109375 
 221189.6875 3935030.4375 -8691.3046875 
 220640.9375 3935753.0859375 -8452.5927734375 
 220085.28125 3936471.04296875 -8215.9033203125 
 220181.6875 3936488.04296875 -6174.50048828125 
 219527.875 3937187.88671875 -7979.69677734375 
 218970.53125 3937904.7109375 -7743.49658203125 
 218413.125 3938621.53125 -7507.296875 
 227211.6875 3927246.7578125 581.796875 
 227737 3926415.75390625 587.1875 
 228207.40625 3925747.8984375 591.50006103515625 
 228677.8125 3925080.046875 595.8125 
 229148.1875 3924412.2109375 600.12493896484375 
 229618.59375 3923744.3515625 604.4375 
 230089 3923076.5 608.75 
 226637.15625 3927403.7265625 -11101.64453125 
 227221.9375 3926608.4140625 -9990.3876953125 
 227177.90625 3926601.03125 -11345 
 227737.78125 3925830.4609375 -11589.01171875 
 228297.6875 3925059.87890625 -11833.02734375 
 228857.5625 3924289.3125 -12077.0380859375 
 229391.71875 3923600.328125 -11043.921875 
 229417.4375 3923518.7265625 -12321.0556640625 
 230048.4375 3922731.4296875 -10371.4423828125 
 229977.34375 3922748.1640625 -12565.06640625 
 230537.28125 3921977.6015625 -12809.05859375 
 231100.84375 3921209.0859375 -13050.97265625 
 231664.4375 3920440.5546875 -13292.890625 
 232228.03125 3919672.0234375 -13534.80859375 
 233292.96875 3918279.9609375 -12627.4775390625 
 232791.625 3918903.484375 -13776.7265625 
 234044.46875 3917346.0234375 -11905.36328125 
 234551.40625 3916558.328125 -12852.6455078125 
 235288.625 3915519.109375 -12464.21875 
 236376.71875 3913999.453125 -11749.01953125 
 235026.46875 3915771.6796875 -14105.2724609375 
 235580.3125 3914974.296875 -14027.6259765625 
 234472.65625 3916569.0390625 -14182.916015625 
 233918.8125 3917366.421875 -14260.5625 
 233355.21875 3918134.953125 -14018.64453125 
 236134.125 3914176.9296875 -13949.9814453125 
 236689.5625 3913382.09375 -13859.80078125 
 237494.46875 3912345.2109375 -12352.5888671875 
 237246.4375 3912589.5234375 -13758.3671875 
 238027.765625 3911671.546875 -11186.5791015625 
 238730.015625 3910616.0703125 -12192.37109375 
 239531.140625 3909610.265625 -10702.90234375 
 239554.90625 3909682.2734375 -9753.0771484375 
 239507.359375 3909538.25 -11652.7275390625 
 239483.59375 3909466.234375 -12602.552734375 
 238910 3910199.3046875 -13553.9375 
 239459.8125 3909394.21875 -13552.375 
 238360.1875 3911004.390625 -13555.5 
 237803.3125 3911796.9609375 -13656.93359375 
 234978.625 3916835.4921875 -798.7823486328125 
 234622.53125 3917195.890625 -2076.3017578125 
 234740.71875 3917205.2265625 647.56243896484375 
 235286.625 3916543.171875 651.875 
 235722.28125 3915819.8828125 -613.18731689453125 
 235425.21875 3916131.0859375 -2059.05712890625 
 235743.96875 3915889.8359375 657.265625 
 236201.3125 3915236.5 662.65631103515625 
 236369.90625 3914853.0546875 -1129.5234375 
 236658.625 3914583.1796875 668.046875 
 235946.28125 3915300.265625 -3122.242919921875 
 236993.96875 3913896.65625 -1938.172119140625 
 237330.8125 3913532.7265625 -629.77642822265625 
 236751.03125 3914128.578125 -3390.569580078125 
 237585.28125 3912974.7890625 -3108.711181640625 
 236269.84375 3914727.0703125 -4515.234375 
 235498.21875 3915844.0390625 -4385.42236328125 
 237825.96875 3912799.65625 -1688.3115234375 
 238411.578125 3912151.1171875 -607.25909423828125 
 237656.0625 3913238.7578125 677.75 
 237115.96875 3913929.84375 673.4375 
 238196.140625 3912547.6796875 682.0625 
 238736.234375 3911856.6015625 686.375 
 239276.3125 3911165.5234375 690.6875 
 239792.625 3910402.421875 -254.82545471191406 
 239816.40625 3910474.4375 695 
 239768.859375 3910330.40625 -1204.6502685546875 
 239745.078125 3910258.390625 -2154.475830078125 


