335723.40625 3849913.765625 -1735.343994140625
334593.21875 3850304.921875 -3487.41748046875 
336141.3125 3849776.46875 -3090.812255859375 
336271.859375 3849725.484375 -4766.4912109375 
337198.546875 3849378.953125 -1843.02807617187
333829.609375 3850561.078125 -2451.00341796875
334437.546875 3850349.921875 -1303.16479492187
333379.671875 3850725.9375 -4091.4462890625 
334673.21875 3850284.671875 -5389.4208984375 
 332590.109375 3851007.09375 -2950.623046875 
 331269.375 3851491 -4891.6875 
 332947.34375 3850868.296875 -1530.08239746093
 331623.828125 3851345.265625 -2218.4465332031
 333517.71875 3850658.984375 -189.349670410156
 335049.5 3850137.28125 -127.04098510742188 
 331677.453125 3851316.90625 -955.966796875 
 332142.4375 3851135.609375 1209.3514404296875
 330539.296875 3851727.125 -1707.38916015625 
 329843.609375 3851965.53125 -491.234893798828
 330613.171875 3851711.34375 -3130.16455078125
 329322.390625 3852171.71875 -3309.3974609375 
 329270.171875 3852200.515625 -4691.6474609375
 330204.171875 3851874.546875 -5537.0190429687
 329318.875 3852196.140625 -6444.93115234375 
 330945.046875 3851620.0625 -6755.77734375 
 332114.171875 3851201.515625 -6371.3725585937
 330609.015625 3851749.96875 -8166.63671875 
 328767.953125 3852451.3125 -7659.01513671875 
 332811.34375 3850956.609375 -7440.4716796875 
 331691.625 3851371.53125 -9054.5859375 
 332883.734375 3850941.21875 -9170.7763671875 
 330471.703125 3851810.265625 -9717.39453125 
 329386.125 3852189.859375 -8830.2763671875 
 332199.9375 3851202.96875 -10763.046875 
 330555.515625 3851791.1875 -11169.453125 
 331584.15625 3851438.515625 -12956.25390625 
 328728.515625 3852478.75 -10654.5966796875 
 329421.390625 3852198.9375 -11756.36328125 
 327803.203125 3852940.4375 -8641.345703125 
 326957.484375 3853137.890625 -10182.616210937
 327305.546875 3852993.703125 -11474.8828125 
 326676.125 3853284.6875 -8212.2431640625 
 327796.46875 3852941.234375 -6868.71630859375
 325934.859375 3853458.046875 -9303.787109375 
 324967.453125 3853664.21875 -10271.42578125 
 325481.703125 3853613.59375 -8005.66357421875
 323940.75 3853952.84375 -8557.623046875 
 326452.578125 3853390.296875 -6984.08203125 
 324408.3125 3853898.21875 -7377.4716796875 
 327677.1875 3852997.09375 -5049.2109375 
 325695.546875 3853631.640625 -5797.5014648437
 326513.65625 3853478.3125 -3741.96142578125 
 324175.453125 3853997.359375 -6129.0498046875
 325243.171875 3853786.453125 -4516.3784179687
 323006.203125 3854207.984375 -7191.2211914062
 322917.796875 3854291.734375 -5539.9536132812
 322596 3854230.234375 -8499.244140625 
 321904.9375 3854326.828125 -6597.1552734375 
 322986.984375 3854105.21875 -9919.9228515625 
 321480.90625 3854219.4375 -10029.5087890625 
 322623.5625 3854111.390625 -11749.03515625 
 321219.203125 3854283.875 -8540.267578125 
 319913.765625 3854370.578125 -9686.3642578125
 320687.625 3854364.234375 -6909.6552734375 
 319156.578125 3854492.296875 -7675.2802734375
 321506.34375 3854385.90625 -5406.81640625 
 319433.828125 3854498.359375 -6303.5888671875
 322114.578125 3854406.0625 -4178.56640625 
 323917.65625 3854114.59375 -4556.2998046875 
 320542.375 3854463.609375 -4327.58056640625 
 321277.890625 3854479.09375 -3087.26635742187
 320332.78125 3854548.390625 -2218.94213867187
 322992.265625 3854370.140625 -3128.5349121093
 322160.421875 3854482.421875 -2020.1098632812
 324939.421875 3853905.546875 -3188.8413085937
 324011.296875 3854184.109375 -1764.1284179687
 325357.875 3853843.765625 -1862.901611328125 
 322315.265625 3854526.125 -642.92962646484375
 323570.734375 3854348.328125 -101.00784301757
 320318.78125 3854595.3125 -939.43402099609375
 321187.390625 3854596.734375 59.4807510375976
 319060.578125 3854650.328125 -1482.3214111328
 319591.5 3854662.671875 116.03266906738281 
 319221.265625 3854601.953125 -2847.8828125 
 317489.546875 3854969.15625 -1787.2353515625 
 319228.25 3854551.5 -4920.6533203125 
 317637.875 3854891.59375 -3531.485595703125 
 317874.171875 3854799.109375 -5081.7426757812
 317661.5 3854812.34375 -6456.07177734375 
 316538.234375 3855107.25 -4881.3271484375 
 315882.046875 3855230.65625 -6592.76123046875
 315806.53125 3855308.109375 -3883.41845703125
 315777.984375 3855342.421875 -2627.5837402343
 315317.875 3855398.1875 -5241.4033203125 
 314639.53125 3855665.765625 -4173.7841796875 
 314241.015625 3855768.390625 -5867.5385742187
 314001.921875 3855951.078125 -2190.1069335937
 313443.359375 3856112.59375 -3879.26318359375
 315066.984375 3855575.140625 -1603.6783447265
315824.125 3855375.390625 -593.3305053710937
314548.234375 3855807.125 4.8165998458862305
313190.6875 3856297.28125 -317.7364196777343
315465.71875 3855508 1468.3125 
316704.71875 3855198.25 272.1181640625 
314583.78125 3855832.390625 1489.609375 
313701.84375 3856156.78125 1510.90625 
312819.90625 3856481.171875 1532.203125 
312124.125 3856700.53125 276.30697631835938 
311937.96875 3856805.5625 1553.5 
311432.796875 3856775.796875 -815.4977416992
312603.515625 3856477.75 -1678.79736328125 
310672.953125 3857105.53125 281.909851074218
310093.40625 3857142.046875 -1556.3809814453
311131.921875 3857063.5 1574.65625 
310325.859375 3857321.4375 1595.812622070312
309519.828125 3857579.390625 1616.9688720703
309024.328125 3857569.234375 -469.7009582519
308713.78125 3857837.328125 1638.125 
308765.296875 3857489.953125 -2480.982666015
307171.90625 3857960.078125 -1458.8278808593
310528.03125 3856883.265625 -3057.4814453125
309485.109375 3857130.21875 -4110.0688476562
311401.015625 3856705.78125 -2113.9167480468
312407.609375 3856456.0625 -3153.51635742187
312820.234375 3856277.40625 -5033.4814453125
311330.140625 3856584.21875 -4444.783203125 
312736.765625 3856184.65625 -6917.015625 
311505 3856455.8125 -5991.7578125 
314406.984375 3855662.875 -7594.76904296875 
313658.421875 3855912.53125 -8571.775390625 
315412.109375 3855304.5 -8486.4462890625 
316747.515625 3854984.046875 -8188.376953125
316836.8125 3854929.0625 -9710.5419921875 
318095.390625 3854658.046875 -8688.330078125
315746.09375 3855173.234375 -10761.2109375 
317301.453125 3854775.59375 -11536.038085937
314457.53125 3855595.875 -9472.1279296875 
314078.9375 3855681.109375 -11556.1162109375
312775.375 3855991.546875 -10191.17578125 
312428.21875 3856144.625 -8560.9970703125 
311195.40625 3856346.546875 -8987.4853515625
311031 3856458.25 -7686.71630859375 
309044.0625 3856925.796875 -8398.81640625 
310225.40625 3856688.078125 -6722.09765625 
310391.296875 3856458.546875 -10025.11914062
308873.609375 3856817.515625 -10420.70898437
311527.359375 3856175.53125 -10764.443359375
310160.3125 3856430.59375 -11347.6123046875 
312625.015625 3855934.28125 -11655.543945312
311235.140625 3856154.546875 -12113.00195312
311672.9375 3855989.0625 -13595.7978515625 
310312.265625 3856300.546875 -13006.81738281
309007.15625 3856647.171875 -12012.046875 
310294.90625 3856228.765625 -14293.237304687
310922.84375 3856017.859375 -15586.0625 
309121.78125 3856529.65625 -13464.7373046875
309395 3856355.5625 -15429.8388671875 
307185.328125 3857001.96875 -13137.529296875
307186.1875 3857110.890625 -11701.40234375 
307964.453125 3856765.03125 -14331.16796875 
306086.578125 3857088.84375 -14709.370117187
307175.4375 3856837.953125 -15321.212890625 
305780.265625 3857295.859375 -12968.21484375
304679.203125 3857331.8125 -14713.6591796875
305735.9375 3857480.3125 -11022.9677734375 
307432.359375 3857207.578125 -9820.107421875
304250.296875 3857648.390625 -11699.20800781
303674.921875 3857554.578125 -13719.734375 
304732.828125 3857748.90625 -9749.1904296875
303002.59375 3857913.625 -10400.2353515625 
306124.734375 3857574.375 -8836.3134765625 
304471.5 3857889.4375 -8524.7724609375 
307683.84375 3857265 -8442.3427734375 
307405.515625 3857420.953125 -7077.0078125 
305180.09375 3857881.171875 -7484.3461914062
309009.15625 3857071.28125 -6726.3017578125 
307459 3857521.03125 -5627.21728515625 
310082.625 3856831.640625 -5461.79736328125 
308793.109375 3857246.8125 -5396.7490234375 
308042.859375 3857512.578125 -4295.572753906
306674.015625 3857815.4375 -4530.8759765625 
306780.46875 3857910.015625 -3158.4196777343
306056.515625 3857865.484375 -5761.272949218
305284.5 3858163.875 -4010.123779296875 
304807.09375 3858041.5625 -6206.87158203125 
305065.640625 3858347.46875 -2171.6677246093
303717.8125 3858466.0625 -2949.462158203125 
305386.09375 3858459.84375 -342.977722167968
307245.234375 3858084 147.50715637207031 
303479.53125 3858662.515625 -1258.6401367187
303526.265625 3858801.53125 290.491149902343
302273.578125 3858739.0625 -2422.11889648437
301528.4375 3858954.0546875 -1364.7507324218
302618.859375 3858531.453125 -4055.988769531
301365.921875 3858787.796875 -3391.851806640
303954.828125 3858229.265625 -5189.96484375 
301692.625 3858522.15625 -5670.78515625 
303025.078125 3858218.515625 -6705.671875 
303220.515625 3858035.390625 -8601.767578125
301209.03125 3858441.890625 -7312.7026367187
301420.84375 3858228.8125 -9222.9375 
301709.390625 3858065.125 -10484.486328125 
300088.90625 3858362.921875 -9710.609375 
302277.40625 3857861.5 -12064.263671875 
301009.296875 3858007.625 -12239.759765625 
300543.046875 3858186.046875 -11051.10839843
301787.6875 3857784.953125 -13694.01171875 
299969.71875 3858074.265625 -12994.446289062
299959.34375 3857901.671875 -14880.16796875 
299279.609375 3858290.0625 -11532.3525390625
298206.171875 3858358.828125 -12353.34375 
298660.765625 3858488.828125 -10340.95507812
298367.859375 3858669.1875 -9069.0302734375 
297395.984375 3858770.96875 -11323.950195312
297177 3858990.890625 -9986.2763671875 
296681.21875 3858972.046875 -12586.494140625
297434.4375 3858483.921875 -14264.916015625 
296145.875 3859324.0546875 -11183.4619140625
295486.890625 3859434.125 -12574.6240234375 
296217.765625 3859470.71875 -9106.646484375 
297326.890625 3859071.9375 -8379.4111328125 
294944.34375 3859817.34375 -10170.09375 
294375.15625 3859853.015625 -12092.440429687
295039.078125 3859920.1171875 -8531.2109375 
294009.578125 3860274.28125 -9316.6259765625
296165.53125 3859620.125 -7510.08740234375 
294472.625 3860314.453125 -7023.861328125 
298109.96875 3858927.265625 -6983.705078125 
296711.140625 3859553.4375 -6061.65478515625
298191.40625 3859078.2734375 -5381.195800781
295521.15625 3859932.734375 -6383.4326171875
294795.21875 3860345.2734375 -5399.5078125 
293090.921875 3861075.609375 -6528.892578125
293312.515625 3861110.9375 -5095.9951171875 
292970.734375 3860898.8515625 -8734.67089843
291475.078125 3861805.3671875 -7565.19824218
292362.1875 3861087.6796875 -10078.276367187
291133.21875 3861776.6015625 -9594.19921875 
293534.53125 3860357.515625 -10811.602539062
291817.78125 3861237.3828125 -11454.53125 
292914.328125 3860561.1328125 -12079.5888671
293702.8125 3859961.890625 -13553.3359375 
294478.296875 3859685.9375 -13692.666015625 
292877.046875 3860424.90625 -13501.83984375 
292051.28125 3860887.9140625 -13450.34472656
291225.53125 3861350.921875 -13398.849609375
290143.109375 3862142.2578125 -11491.4833984
290401.5625 3861817.4609375 -13350.701171875
289577.953125 3862284.734375 -13303.25097656
288972.421875 3862761.40625 -11890.39453125 
288516.5625 3863061.03125 -10619.7373046875 
288754.359375 3862752.0078125 -13255.8007812
287899.21875 3863155.921875 -13211.1015625 
287575.421875 3863415.84375 -11754.088867187
287044.046875 3863559.84375 -13166.400390625
287209.84375 3863706.2734375 -10149.92675781
288255.90625 3863289.3203125 -9166.197265625
286438.21875 3863938.6015625 -11888.15625 
285929.109375 3864259.1640625 -10783.4472656
286188.890625 3863963.7578125 -13121.7001953
285333.734375 3864367.6796875 -13077 
285236.25 3864525.9765625 -11817.8525390625 
284587.796875 3864880.578125 -13039.91992187
284336.453125 3865174.46875 -11195.109375 
285122.046875 3864791.140625 -9390.02734375 
283841.875 3865393.484375 -13002.83984375 
282840.546875 3866198.140625 -11195.02441406
283706.71875 3865721.7578125 -9434.208984375
283095.90625 3865906.3984375 -12965.75976562
282349.984375 3866419.2890625 -12928.6806640
281535.140625 3866816.375 -12866.65625 
281348.0625 3867121.4296875 -10626.930664062
280564.21875 3867406.984375 -11570.61328125 
282438.40625 3866562.1171875 -9844.602539062
280739.734375 3867617.9453125 -8499.02246093
280146.171875 3867765.5078125 -9928.12890625
282407.9375 3866678.484375 -8392.8564453125 
280997.671875 3867619.484375 -7194.65625 
283653.0625 3865883.7890625 -7537.5747070312
285073.828125 3864958.515625 -7702.587890625
283050.671875 3866361.2109375 -6550.93554687
283931.4375 3865804.484375 -5854.8759765625 
282017.453125 3867065.984375 -6551.055175781
282565.359375 3866779.2109375 -5233.94970703
281278.859375 3867639.046875 -5494.995117187
283350.71875 3866317.859375 -4099.60546875 
284365.859375 3865695.8203125 -3485.48999023
281766.0625 3867392.84375 -4190.2080078125 
282648.125 3866883.7578125 -2789.52075195312
279974.046875 3868358.234375 -5000.256347656
280200.6875 3868336.1171875 -3718.5666503906
280184.015625 3868099.96875 -6259.0498046875
279103.203125 3868911.765625 -6202.6328125 
279865.78125 3868181.2109375 -7525.887207031
278956.09375 3869163.1796875 -4879.647949218
277951.5625 3869814.625 -6143.96728515625 
279033.34375 3869272 -3246.67822265625 
279777.125 3868828.28125 -1938.9046630859375
277793.171875 3870221.2890625 -3404.30834960
277665.765625 3870175.234375 -4809.177734375
278647.71875 3869707.59375 -1938.17700195312
277185.484375 3870816.0546875 -2431.45898437
277681.515625 3870528.5 -1274.3133544921875 
276743.59375 3871042.5625 -4187.34521484375 
276274.6875 3871636.609375 -2835.97631835937
275562.046875 3872121.3359375 -4615.09082031
276575.375 3871496.625 -1507.724365234375 
275716.25 3872386.3515625 -920.1029052734375
277037.015625 3871193.78125 -255.47216796875
278125.734375 3870424.2265625 1060.515502929
276127.03125 3872209.71875 1025.250366210937
275481.1875 3872827.890625 1013.531860351562
276772.875 3871591.5546875 1036.96875 
277418.734375 3870973.375 1048.6875 
274457.25 3873665.4921875 -385.4369506835937
274835.34375 3873446.0625 1001.8134155273438
274399.5625 3873571.859375 -1836.33142089843
275073.421875 3872756.1796875 -3128.20898437
273117.84375 3874838.2421875 -971.3707275390
273465.484375 3874356.03125 -2745.5375976562
273516.328125 3874653.1953125 977.9118041992
272856.53125 3875256.4453125 965.95599365234
274176.125 3874049.953125 989.8675537109375 
271794.828125 3876079.0625 -418.56494140625 
272196.71875 3875859.6953125 954 
272143 3875651.3203125 -1798.01611328125 
271048.28125 3876619.6875 -1533.505615234375
272378.453125 3875307.5390625 -3223.88818359
271248.515625 3876290.671875 -3217.367919921
273027.78125 3874621.5234375 -4212.4140625 
271763.578125 3875747.703125 -4288.087890625
274025.734375 3873711.6328125 -4006.30590820
273774.03125 3873824.3359375 -5303.939941406
272808.953125 3874697.6171875 -5559.29931640
274657.265625 3872969.078125 -4794.943847656
274500.03125 3872990.140625 -6038.0947265625
275600.953125 3871859.296875 -6625.975097656
274349.671875 3872986.1015625 -7440.93017578
276682.9375 3870932.453125 -5730.53125 
277006.421875 3870471.9375 -7162.56396484375
276116.015625 3871236.65625 -7857.8447265625
278743.453125 3869057.6875 -7499.8466796875 
278065.984375 3869442.6875 -8878.9921875 
279423.265625 3868400.25 -8738.2646484375 
276855.734375 3870448.171875 -8692.815429687
277284.328125 3869943.28125 -9925.0361328125
275341.65625 3871762.84375 -9743.115234375 
276128.453125 3870905.5859375 -10802.6386718
275142.625 3872120.265625 -8224.62109375 
273952.921875 3873240.3984375 -8812.23144531
273374.828125 3874003.1328125 -7361.42041015
272696.515625 3874464.6953125 -9197.93945312
272287.46875 3875075.1796875 -6643.586425781
271494.859375 3875861.375 -5560.875 
272392.359375 3874864.6875 -7882.99365234375
271448.71875 3875739.1328125 -7311.479003906
271214.328125 3875819.984375 -8619.3359375 
270410.515625 3876767.3515625 -5871.67822265
270530.96875 3876797.203125 -4430.1220703125
270276.3125 3876667.0546875 -8200.0576171875
269541.953125 3877430.3828125 -6819.63867187
268769.265625 3878044.234375 -7802.345703125
268870.5 3878205.421875 -5058.1083984375 
268438 3878465.1328125 -6516.18017578125 
269564.109375 3877670.90625 -4003.7861328125
268271.8125 3878806.78125 -4074.906005859375
268899.46875 3878366.671875 -3026.8078613281
267356.75 3879439.546875 -5637.9443359375 
267359.421875 3879596.1328125 -3593.44262695
266441.421875 3880391.6640625 -4265.83642578
267966.796875 3879186.375 -2424.22705078125 
266767.015625 3880279.40625 -1753.1628417968
268230.546875 3879073.8203125 -1074.51867675
269656.78125 3877879.40625 -895.366333007812
267272 3879907.21875 -515.9002685546875 
267919.875 3879481.234375 874.0899658203125 
266136.4375 3881019.046875 -591.248779296875
265716.25 3881288.859375 -2300.80029296875 
266526.609375 3880755.0078125 848.5245971679
265854.703125 3881435.4140625 837.7364501953
267198.5 3880074.609375 859.3125 
265221.65625 3881957.125 -477.89926147460938
265182.8125 3882115.8203125 826.948425292968
264753.40625 3882324.7421875 -1650.597167968
264765.015625 3882186.3359375 -3035.65454101
264123 3883061.90625 -563.1431884765625 
263664.953125 3883390.0703125 -2027.33691406
264510.921875 3882796.21875 816.160522460937
263846.046875 3883483.3984375 803.9583129882
263185.546875 3884174.84375 790.867919921875
262773.71875 3884404.71875 -1228.98657226562
262525.0625 3884866.2890625 777.777648925781
262689.828125 3884285.7109375 -3298.03442382
261835.546875 3885301.84375 -2097.5104980468
264035.625 3882832.1328125 -4030.13793945312
263123.15625 3883718.796875 -4421.6645507812
264853.984375 3881913.8828125 -5028.43212890
263884.734375 3882835.1484375 -5650.19726562
265522.8125 3881343.875 -3844.309814453125 
265994.671875 3880715.40625 -5540.2724609375
266450.703125 3880483.0703125 -2982.99780273
266568.765625 3880064.3671875 -6912.12548828
265578.375 3880969.671875 -7335.033203125 
267628.96875 3879055.84375 -7689.5263671875 
266149.703125 3880340.8359375 -8456.05566406
267119.5 3879374.96875 -9058.7109375 
264682.34375 3881766.703125 -8541.4921875 
265738.484375 3880616.7890625 -9911.31542968
264822.40625 3881811.4296875 -6499.012207031
263462.765625 3883098.5390625 -7395.34033203
262742.296875 3883993.671875 -5667.166503906
262345.234375 3884217.53125 -7592.2705078125
261900.359375 3885032.8671875 -4106.56689453
261613.140625 3885196.328125 -5420.254882812
260946.578125 3885994.8046875 -4116.41601562
260784.984375 3886430.3828125 -1851.52819824
260678.84375 3886120.1953125 -5560.972167968
260054.421875 3886896.234375 -4692.991210937
261326.859375 3885321.0703125 -7058.76855468
260346.765625 3886296.75 -7140.6044921875 
261044.203125 3885471.9921875 -8396.99316406
259821.296875 3886990.921875 -6063.302734375
259418.484375 3887264.21875 -7488.806640625 
258762.890625 3888209.5234375 -5803.35595703
259424.5 3887694 -3740.295166015625 
257953.15625 3889197.4765625 -4784.541992187
260290 3886800.5703125 -3308.06640625 
259784.734375 3887469.703125 -2292.757324218
258244 3889057.640625 -3079.77001953125 
260208.875 3887193.7734375 -690.127563476562
261477.078125 3885813.6640625 -666.440002441
258938.6875 3888501.921875 -1590.31396484375
259328.171875 3888317.9375 717.3125 
257705.9375 3889760.484375 -1033.10778808593
258701.921875 3888931.5234375 705.5297241210
257018.15625 3890274.609375 -2916.6623535156
256442.203125 3891009.53125 -1113.7373046875
257024.25 3890063.515625 -5318.39111328125 
256160.234375 3891013.96875 -4821.5102539062
257875.5625 3889140.046875 -6348.65478515625
256893.921875 3890074.28125 -6689.9658203125
257566.328125 3889337.59375 -7589.0854492187
255917.53125 3891081.640625 -7121.533203125 
255005.171875 3892004.4453125 -6433.05078125
256685.25 3890181.109375 -8018.8701171875 
255832.328125 3891058.2421875 -8587.35351562
257315.265625 3889465.7109375 -8973.91308593
256451.40625 3890316.6875 -9476.6884765625 
258201.796875 3888526.3515625 -8690.39941406
257483.859375 3889148.1328125 -10556.8027343
258437.578125 3888403.0859375 -7393.92382812
258704.609375 3887817.90625 -9689.1015625 
260071.71875 3886431.90625 -8560.8125 
258781.125 3887582.1796875 -10921.6513671875
258122.828125 3888256.4140625 -11753.6552734
259577.46875 3886749.8203125 -10418.41796875
259317.328125 3886854.7890625 -11953.4287109
260661.421875 3885639.3203125 -10582.5507812
258406.9375 3887675.2734375 -13845.510742187
257829.375 3888344.2109375 -13921.546875 
258984.484375 3887006.3359375 -13769.4765625
259659.0625 3886336.2421875 -13698.559570312
260666.3125 3885481.390625 -12124.716796875 
260333.65625 3885666.1484375 -13627.64160156
261560.21875 3884762.4765625 -10327.08496093
262010.90625 3884189.6796875 -11380.64746093
261855.921875 3884583.4921875 -9064.12695312
262448.765625 3883867.84375 -10099.626953125
263352.265625 3883019.78125 -9466.3037109375
263361.203125 3882827.7109375 -11466.4355468
262357.5 3883655.5390625 -13418.646484375 
264249.921875 3882094.1875 -9743.62109375 
264782.921875 3881460.9140625 -10770.2109375
266062.640625 3880197.03125 -11353.94140625 
265186.859375 3880983.1484375 -11912.4482421
267406.078125 3879022.5390625 -10483.5087890
267361 3878952.578125 -11862.568359375 
268667.53125 3878008.6875 -9191.17578125 
268708.921875 3877780.7578125 -11249.8623046
270075.859375 3876679.6640625 -9927.88867187
271431.21875 3875514.9375 -9897.0947265625 
270675.109375 3876023.9921875 -11433.7695312
272617.265625 3874353.703125 -11167.00585937
273351.546875 3873707.6640625 -10171.4736328
271666.828125 3875140.71875 -11748.30859375 
272251.71875 3874511.8828125 -13099.96386718
272798.3125 3873947.765625 -13090.6240234375
271595.890625 3875075.90625 -13109.206054687
270940.0625 3875639.90625 -13118.4482421875 
270284.234375 3876203.9140625 -13127.6914062
269639.265625 3876886.6875 -11756.15625 
269628.390625 3876767.9375 -13136.93359375 
268966.34375 3877370.875 -13145.3515625 
268304.34375 3877973.8125 -13153.7685546875 
267642.296875 3878576.7578125 -13162.1865234
266983.25 3879182.90625 -13171.3173828125 
266332.796875 3879798.2890625 -13182.5058593
265682.34375 3880413.6640625 -13193.69433593
265031.90625 3881029.03125 -13204.8818359375
264381.46875 3881644.40625 -13216.0703125 
264235 3881910.8984375 -11909.373046875 
263706.8125 3882314.7890625 -13283.595703125
263032.15625 3882985.1640625 -13351.12109375
273685.4375 3873191.8359375 -11671.576171875
273344.921875 3873383.625 -13081.2841796875 
274290.421875 3872707.2890625 -10431.53125 
274817.8125 3872050.4921875 -11648.279296875
275713.4375 3871054.7109375 -13038.336914062
276351.109375 3870454.375 -13026.203125 
275075.765625 3871655.0546875 -13050.4707031
274438.09375 3872255.3984375 -13062.60449218
273891.5 3872819.515625 -13071.9443359375 
277337.625 3869758.53125 -11310.33203125 
276988.78125 3869854.03125 -13014.0693359375
278785.5625 3868754.6328125 -10113.30078125 
278423.609375 3868894.1328125 -11490.3535156
279526.703125 3868055.1328125 -11295.9257812
279905.46875 3867610.5546875 -12742.60742187
279176.28125 3868171.4296875 -12810.47363281
280720.296875 3867213.46875 -12804.630859375
278447.125 3868732.296875 -12878.3388671875 
277717.953125 3869293.15625 -12946.203125 
261682.828125 3884325.9296875 -13486.1728515
261008.25 3884996.0625 -13556.724609375 
256958.21875 3889531.96875 -12300.978515625 
257251.84375 3889013.1328125 -13997.57910156
256670.84375 3889679.375 -14070.1494140625 
255775.625 3890809.0078125 -12515.326171875 
256365.21875 3890300.515625 -10787.05078125 
256076.890625 3890335.4921875 -14129.7119140
255482.921875 3890991.6171875 -14189.2744140
254874.34375 3891601.921875 -14158.913085937
254225.5 3892337.8828125 -12876.6572265625 
254708.78125 3891929.109375 -11788.763671875
254265.765625 3892212.21875 -14128.549804687
253657.1875 3892822.515625 -14098.1875 
253452.6875 3893154.0234375 -12309.635742187
253055.828125 3893440.125 -14073.3466796875 
253427.21875 3893292.28125 -10708.1162109375
254231.71875 3892560.4140625 -9524.517578125
252318.875 3894414.03125 -11019.015625 
252547.90625 3894059.390625 -12711.453125 
252350.21875 3894472.515625 -9720.3447265625
253291.046875 3893525.671875 -9379.637695312
251338.296875 3895471.4453125 -10998.2792968
251641.96875 3895012.640625 -12445.69140625 
251486.390625 3895431.4609375 -9563.89550781
250183.46875 3896777.484375 -10144.552734375
251673.5 3895350.984375 -8092.05859375 
250392.046875 3896730.46875 -8093.1162109375
252627.09375 3894274.6171875 -8465.372070312
252447.921875 3894584.390625 -6985.59765625 
253891.484375 3893027.4921875 -7662.6328125 
254912.78125 3891990.203125 -7905.7006835937
254219.328125 3892853.9375 -5404.5703125 
255149.078125 3891981.6015625 -4828.02539062
253164.453125 3893904.71875 -5826.96875 
252968.1875 3894221.7578125 -4489.8979492187
254445.859375 3892731.6953125 -3878.30615234
252063.609375 3895194.4609375 -4893.73583984
251921 3895518.828125 -2990.853271484375 
250739.09375 3896654.90625 -4656.7646484375 
253406.15625 3893843.5234375 -3228.052978515
253243.234375 3894165.5234375 -1612.62182617
254158.46875 3893152.1484375 -1925.801269531
255155.109375 3892202.234375 -1666.331176757
254559.84375 3892847.1875 -618.6460571289062
253659.375 3893900.8359375 675.3392333984375
255641.015625 3891815.390625 -572.0565185546
254923.4375 3892591.578125 673.2301635742187
254290.140625 3893197.984375 674.3125 
255556.734375 3891985.1796875 672.1478881835
256190.03125 3891378.7734375 671.06561279296
256823.21875 3890772.2578125 670.18200683593
257449.453125 3890158.6796875 681.9645385742
258075.703125 3889545.09375 693.747375488281
255773.515625 3891502.6796875 -3167.41894531
252795.625 3894754.8125 -570.91619873046875 
253028.609375 3894603.6953125 676.3659057617
252003.046875 3895589.5625 -1126.19787597656
252397.84375 3895306.546875 677.392639160156
251767.09375 3896009.40625 678.4193115234375
251255.921875 3896463.8828125 -568.334167480
251138.671875 3896714.375 679.5238037109375 
250714.421875 3896972.890625 -1608.422485351
250258.359375 3897583.7890625 -571.082397460
249478.484375 3898400.6328125 -1189.48913574
250510.65625 3897419.6796875 680.64086914062
249882.65625 3898124.9921875 681.75793457031
249254.625 3898830.296875 682.875 
248657.25 3899420.5078125 -701.9324951171875
248620.515625 3899594.953125 683.9375 
249108.921875 3898706.203125 -2460.187744140
248180.859375 3899879.3125 -1932.828125 
250389.671875 3897188.421875 -3174.44140625 
249356.078125 3898296.0625 -3731.05322265625
249739.0625 3897734.3828125 -5113.3598632812
248427.109375 3899447.2734375 -3371.67089843
248613.40625 3899031.671875 -5357.5234375 
247458.359375 3900589.7734375 -3643.765625 
247060.578125 3901182.6796875 -2437.421875 
247959.75 3899892.90625 -4626.67138671875 
247380.984375 3900496.6640625 -5628.51025390
248059.0625 3899561.65625 -6869.45654296875 
247249.84375 3900457.5390625 -7728.349609375
249491.203125 3897868.484375 -6627.871582031
248789.953125 3898592.171875 -7697.666503906
247991.078125 3899482.1171875 -8561.47949218
250491.265625 3896789.09375 -6171.2661132812
249184.359375 3897989.1875 -8978.5947265625 
248510.859375 3898724.375 -9862.296875 
247671.921875 3899718.28125 -10150.947265625
249347.75 3897616.28125 -10967.7578125 
248424.9375 3898701.484375 -11191.537109375 
249510.140625 3897306.09375 -12366.635742187
247195.09375 3900094.015625 -12286.952148437
248345.984375 3898664.734375 -12576.75976562
246707.984375 3900812 -10898.4072265625 
246061.21875 3901455.9453125 -12251.78710937
247164.28125 3900432.0078125 -9098.715820312
246276.109375 3901428.9921875 -9812.88867187
246404.359375 3901399.65625 -8498.2412109375
245645.328125 3902091.4609375 -10766.2714843
245323.65625 3902628.9921875 -9128.180664062
244611.015625 3903381.3125 -10543.3916015625
245610.53125 3902430.609375 -7599.9702148437
246505.109375 3901441.3828125 -6776.31933593
244838.875 3903346.46875 -8140.39892578125 
244950.421875 3903374.84375 -6537.2817382812
244015.796875 3904211.4609375 -8713.17773437
244191.09375 3904172.9375 -7353.11572265625 
243196.828125 3905190.15625 -8163.8369140625
243960.859375 3904551.9375 -6055.380859375 
244881.8125 3903599.15625 -5252.552734375 
243000.875 3905581.3125 -6844.08642578125 
243321.71875 3905442.8828125 -4839.935546875
241972.03125 3906784.640625 -7954.9780273437
242221.8125 3906584.5390625 -6718.9624023437
242673.59375 3905688.359375 -9351.8291015625
241799.78125 3906823.2578125 -9712.750976562
243400.40625 3904715.0078125 -10105.43164062
242384.96875 3905932.40625 -10662.943359375 
243870.671875 3904087.75 -11300.6318359375 
244463.546875 3903375.296875 -12167.94433593
243013.28125 3905011.453125 -11450.088867187
243457 3904396.8515625 -12461.1435546875 
242002.46875 3906267.03125 -12298.6953125 
242626 3905282.8203125 -13630.005859375 
241602.671875 3906928.0078125 -11172.4501953
241002.90625 3907588.484375 -12247.393554687
240547.671875 3908279.6796875 -11058.6425781
240995.140625 3907920.0625 -9137.837890625 
240319.71875 3908685.8359375 -9883.1875 
240622.15625 3908578.734375 -7273.302734375 
240352.234375 3908790.921875 -8488.016601562
241525.96875 3907554.828125 -6266.212890625 
240571.515625 3908802.640625 -5803.006347656
242465.296875 3906396.1328125 -5453.56347656
241760.15625 3907409.171875 -4849.6938476562
242768.328125 3906224.7734375 -3790.82641601
243761.125 3905135.1171875 -3075.63134765625
242650.203125 3906558.203125 -2185.310546875
244242.5625 3904425.9609375 -4471.3466796875
244723.3125 3904002.5546875 -3362.6176757812
245326.5625 3903153.6484375 -4108.0278320312
246063.03125 3902112.0390625 -5249.352050781
246672.203125 3901479.9140625 -4247.31933593
246250.6875 3902086.703125 -3138.86083984375
246953.296875 3901441.0234375 -1063.81713867
245439.28125 3903160.21875 -2695.87548828125
245806.546875 3902848.859375 -1219.916870117
244678.421875 3904194.53125 -2097.2526855468
243527.140625 3905630.296875 -1266.494018554
244753.65625 3904250.640625 -668.85943603515
242346.75 3907092.1171875 -737.5244140625 
243342.5625 3906085.1796875 693.59375 
241703 3907784.0625 -1917.0394287109375 
241186.890625 3908568.0859375 -734.570251464
241822.984375 3907472.6640625 -3478.79882812
240719.375 3908967.671875 -2542.856689453125
240970.03125 3908445.4375 -4414.5869140625 
239673.390625 3910036.2109375 -4978.52099609
239697.4375 3910108.1640625 -4032.1071777343
239649.328125 3909964.25 -5924.94482421875 
239625.28125 3909892.296875 -6871.3686523437
239601.234375 3909820.3359375 -7817.79248046
239577.1875 3909748.3828125 -8764.20703125 
239553.140625 3909676.4296875 -9710.62988281
239529.09375 3909604.46875 -10657.0537109375
239505.03125 3909532.515625 -11603.477539062
239480.984375 3909460.5625 -12549.8935546875
240039.71875 3908658.609375 -13522.12109375 
239456.9375 3909388.609375 -13496.3193359375
240622.515625 3907928.6015625 -13547.9228515
241205.3125 3907198.59375 -13573.724609375 
241678.875 3906560.0078125 -13592.484375 
242152.4375 3905921.4140625 -13611.245117187
239721.484375 3910180.1171875 -3085.68383789
239745.546875 3910252.078125 -2139.259765625
239769.578125 3910324.0234375 -1192.83581542
239793.640625 3910395.984375 -246.4215087890
240395.84375 3909731.2578125 698.9375 
239817.6875 3910467.9375 700 
240974 3908994.5859375 697.875 
241552.15625 3908257.9140625 696.8125 
242130.3125 3907521.234375 695.75 
242736.4375 3906803.203125 694.671875 
243948.6875 3905367.1484375 692.515625 
244554.8125 3904649.125 691.4375 
245095.65625 3903959.0703125 690.359375 
245636.515625 3903269.015625 689.28125 
246177.375 3902578.9609375 688.203125 
246718.21875 3901888.90625 687.125 
247352.328125 3901124.25 686.0625 
247795.640625 3900464.109375 -651.5211181640
247986.421875 3900359.6015625 685 
243099.5625 3904644.2265625 -13648.765625 
243585 3904132.0546875 -13690.6015625 
244070.40625 3903619.8984375 -13732.43554687
244555.84375 3903107.71875 -13774.271484375 
245240.0625 3902410.515625 -12512.5478515625
245120.453125 3902432.78125 -13792.75 
245685.078125 3901757.8359375 -13811.2275390
246249.703125 3901082.875 -13829.7060546875 
246814.3125 3900407.9296875 -13848.184570312
247397.203125 3899696.765625 -13862.41992187
247980.09375 3898985.59375 -13876.65625 
248562.984375 3898274.4296875 -13890.8916015
249145.859375 3897563.265625 -13905.12695312
249673.953125 3896997.34375 -13929.798828125
250202.046875 3896431.421875 -13954.47070312
250592.625 3896181.0078125 -12009.04296875 
250730.140625 3895865.515625 -13979.140625 
251258.21875 3895299.5859375 -14003.8125 
251857.421875 3894679.765625 -14026.99121093
252456.609375 3894059.9453125 -14050.1689453
251467.9375 3895704.21875 -6663.55517578125 
255274.375 3891471.7890625 -10272.0283203125
259962.265625 3887627.890625 729.15618896484
260596.375 3886937.8359375 740.9999389648437
261230.484375 3886247.7734375 752.8438110351
261864.578125 3885557.7265625 764.6875 
268641.234375 3878887.84375 888.867614746093
269362.59375 3878294.4609375 903.64508056640
270073.21875 3877688.2578125 916.59020996093
270605.109375 3877108.703125 -383.8920593261
270781.046875 3877078.734375 929.06011962890
271488.890625 3876469.2109375 941.5301513671
270169.15625 3877257.203125 -2836.828125 
279123.453125 3869482.40625 -535.18298339843
278832.703125 3869875.0625 1072.343627929687
279539.703125 3869325.90625 1084.171875 
280246.6875 3868776.75 1096 
280658.671875 3868388.8046875 -530.069946289
281072.140625 3868216.625 1135.5938720703125
281666.078125 3867731.265625 -86.19564819335
282309.34375 3867227.78125 -1072.7373046875 
281897.59375 3867656.5078125 1175.1875 
282933.84375 3866871.3515625 -20.23131561279
282723.046875 3867096.3828125 1214.781372070
283548.5 3866536.265625 1254.375 
283906.484375 3866196.7265625 -480.284332275
284270.265625 3866146.9921875 1286.237548828
283908.515625 3866056.4453125 -2278.94995117
284821.921875 3865645.1484375 -1131.38073730
285210.109375 3865338.140625 -2281.197021484
285351.375 3865451.234375 -12.78968524932861
286071.84375 3864966.8515625 -1126.082885742
286794.921875 3864672.6953125 50.93715667724
286357.1875 3864682.2890625 -2675.0598144531
285519.609375 3865050.75 -3707.221923828125 
287221.4375 3864333.796875 -1629.8388671875 
287558.4375 3864076.2734375 -2971.3041992187
289196.703125 3863459.3671875 -1777.07092285
286763.546875 3864354.25 -4241.77490234375 
288566.171875 3863479.328125 -5001.563964843
285209.234375 3865089.46875 -5258.6923828125
286522.640625 3864355.3203125 -5746.41894531
285507.375 3864824.5546875 -6489.97314453125
287950.078125 3863603.875 -6860.48828125 
286393.390625 3864302.34375 -7274.595703125 
289318.75 3863026.09375 -6639.31201171875 
289277.640625 3862926.671875 -8136.508789062
289853.203125 3862947.25 -4697.4521484375 
290496.921875 3862485.21875 -5883.6259765625
289284.34375 3863310.8671875 -3190.732666015
290870.21875 3862474.9140625 -3819.328125 
290497.4375 3862880.09375 -1792.9091796875 
292025.703125 3861761.3359375 -5222.46142578
292742.109375 3861568.359375 -3564.048339843
291933.3125 3862103.2265625 -2189.9489746093
294135.71875 3860783.6484375 -3952.001953125
293540.09375 3861327.546875 -1981.6081542968
295566.109375 3860224.578125 -3366.296875 
296751.28125 3859676.703125 -4400.025390625 
294654.6875 3860713.984375 -2472.95092773437
295778.515625 3860294.2890625 -1826.85388183
294767.21875 3860843.140625 -780.41979980468
293517.640625 3861512.6328125 -200.016464233
296321.703125 3860283.6640625 313.5385437011
294758.359375 3860983.7265625 520.0432128906
297123.03125 3859832.3984375 -972.8653564453
297898.5 3859720.90625 386.18521118164062 
296984.34375 3859742.6796875 -2635.147460937
298701.921875 3859352.7890625 -1871.48913574
298183.03125 3859254.3203125 -3682.955810546
299249.265625 3858978.4375 -4611.18505859375
299567.796875 3858747.28125 -6334.7846679687
299589.328125 3859051.3671875 -3342.35449218
300536.671875 3858796.75 -4433.1220703125 
299504.015625 3858550.265625 -8423.1875 
300618.3125 3858983.796875 -2306.05688476562
299749.234375 3859336.5703125 -305.665954589
301635.6875 3859060.484375 -61.7423973083496
300600.015625 3859287.59375 618.156005859375
302163.0625 3859153.9296875 1791.43395996093
301225.453125 3859304.28125 1809.62023925781
303101.265625 3859007.25 1773.76318359375 
304039.484375 3858860.578125 1756.0920410156
304977.6875 3858713.890625 1738.421142578125
305915.90625 3858567.21875 1720.75 
306848.53125 3858323.921875 1693.20825195312
307781.15625 3858080.625 1665.6666259765625 
300289.53125 3859464.671875 1829.21508789062
299353.59375 3859625.078125 1848.81018066406
298417.671875 3859785.46875 1868.40515136718
297481.75 3859945.8671875 1888 
296701.171875 3860280.3984375 1848.390136718
295920.609375 3860614.9296875 1808.780883789
295140.046875 3860949.4609375 1769.171752929
294359.484375 3861283.984375 1729.5625 
293481.4375 3861715.1171875 1689.96875 
292603.390625 3862146.25 1650.375 
292164.515625 3862151.1171875 -526.407958984
291725.34375 3862577.3828125 1610.78125 
291046.96875 3862771.359375 155.464492797851
289752.96875 3863347.4453125 -137.3524932861
290109.296875 3863324.796875 1539.6871337890
289371.3125 3863641.078125 1508.187377929687
290847.296875 3863008.515625 1571.1875 
288272.65625 3864026.4375 368.912841796875 
288633.328125 3863957.3515625 1476.687622070
288280.90625 3863931.84375 -794.157348632812
287157.34375 3864589.921875 1413.6875 
286435.578125 3864979.1875 1381.8251953125 
287895.328125 3864273.6484375 1445.187255859
285713.8125 3865368.4609375 1349.96264648437
284992.03125 3865757.7265625 1318.0998535156
290348 3862444.6953125 -7169.16943359375 
290473.46875 3862251.0546875 -8443.96875 
289715.0625 3862560.2734375 -9653.4833984375
286941.21875 3863942.703125 -8661.1494140625
281367.890625 3867776.1328125 -2491.67260742
295253.78125 3859409.984375 -13831.99609375 
296029.28125 3859134.03125 -13971.328125 
296731.859375 3858808.96875 -14118.123046875
298137.015625 3858158.859375 -14411.7109375 
299048.1875 3858030.265625 -14645.94140625 
300866.953125 3857774.21875 -15127.998046875
301770.140625 3857648.1875 -15392.560546875 
302673.328125 3857522.15625 -15657.123046875
303582.046875 3857381.484375 -15893.35351562
304492.203125 3857237.046875 -16122.24414062
305402.34375 3857092.59375 -16351.1328125 
306299.453125 3856915.3125 -16467.818359375 
307196.5625 3856738.03125 -16584.50390625 
308093.671875 3856560.75 -16701.189453125 
308857.609375 3856391.90625 -16779.2265625 
309621.515625 3856223.0625 -16857.26171875 
310385.453125 3856054.21875 -16935.30078125 
311149.390625 3855885.375 -17013.337890625 
312078.625 3855729.078125 -16925.451171875 
312388.578125 3855784.234375 -15011.796875 
313007.859375 3855572.796875 -16837.56445312
313175.609375 3855748.59375 -13238.299804687
313517.53125 3855620.28125 -14449.6220703125
314630.375 3855442.6875 -12948.5849609375 
316071.578125 3855052.046875 -12668.2734375 
315127.96875 3855246.203125 -14362.0546875 
317096.75 3854757.265625 -14681.126953125 
314295.296875 3855429.34375 -15432.124023437
315986.140625 3855016.125 -15279.97265625 
313937.109375 3855416.5 -16749.677734375 
314866.359375 3855260.203125 -16661.7890625 
315824.59375 3855028.015625 -16551.404296875
316782.828125 3854795.828125 -16441.01953125
317741.0625 3854563.625 -16330.634765625 
318563.6875 3854399.890625 -14722.3037109375
318699.296875 3854331.4375 -16220.25 
317910.890625 3854592.515625 -13092.80566406
319213.546875 3854358.265625 -13026.859375 
319944.4375 3854260.921875 -14128.765625 
318954.15625 3854414.734375 -11722.333007812
320508.328125 3854239.265625 -12753.70410156
320618.046875 3854264.1875 -11272.736328125 
321190.546875 3854128.234375 -14622.3359375 
320629.140625 3854149.375 -16008.7490234375 
321821.421875 3854095.59375 -13433.796875 
322554.453125 3854014.40625 -14502.416015625
321594.046875 3854058.34375 -15903.000976562
323684.140625 3853799 -13897.6298828125 
323442.296875 3853781.125 -15685.7509765625 
324325.625 3853594.9375 -15574.251953125 
322558.96875 3853967.3125 -15797.25 
325099.671875 3853488.796875 -14021.12402343
325208.9375 3853408.75 -15462.75390625 
324386.40625 3853712.5 -12238.654296875 
326352.390625 3853211.90625 -13344.532226562
326016.6875 3853361.890625 -11637.5810546875
326092.265625 3853222.5625 -15351.2548828125
327015.59375 3852955.671875 -15239.467773437
327616.609375 3852827.078125 -13785.70410156
327938.9375 3852688.796875 -15127.6787109375
328132.546875 3852717.796875 -12503.10839843
328862.953125 3852418.265625 -13699.48730468
329908.078125 3852034.921875 -12987.47851562
329689.984375 3852126.75 -14915.83984375 
330517.703125 3851831.59375 -14815.788085937
328862.265625 3852421.90625 -15015.892578125
331345.421875 3851536.4375 -14715.7353515625
332172.265625 3851238.125 -14617.6552734375 
332997.421875 3850934.125 -14523.1875 
333186.3125 3850849.703125 -12213.494140625 
333822.59375 3850630.125 -14428.71875 
333800.28125 3850609.546875 -9988.73828125 
334455.140625 3850380.9375 -11398.791015625 
333879.25 3850570.59375 -8461.6376953125 
335347.5 3850067.796875 -10055.90234375 
333652.421875 3850641.328125 -6509.566894531
334686.890625 3850286.625 -7192.3583984375 
332972.484375 3850884.40625 -5442.2817382812
335931.171875 3849852.890625 -6309.254394531
335599.859375 3849974.765625 -8473.022460937
337391.1875 3849287.390625 -6059.044921875 
337434.5 3849282.15625 -4127.54541015625 
336943.375 3849455.875 -7760.63330078125 
338288.703125 3848963.828125 -8133.448242187
337355.859375 3849292.125 -8990.859375 
336965 3849439.921875 -10232.103515625 
338491.84375 3848884.28125 -9597.8486328125 
339645.453125 3848510.0625 -8649.3408203125 
338203.28125 3848970.75 -11041.912109375 
337727.4375 3849137.484375 -12429.0947265625
340013.53125 3848380.390625 -10215.940429687
339398.34375 3848571.40625 -11808.5791015625
340600.46875 3848181.6875 -11393.1142578125 
338830.953125 3848749.671875 -12937.84472656
338216.140625 3848942.453125 -14222.625 
341101.296875 3848010.59375 -12648.453125 
339891.09375 3848396.265625 -14160.96875 
340728.5625 3848123.1875 -14130.1416015625 
339053.625 3848669.359375 -14191.796875 
341566.046875 3847850.09375 -14099.3125 
342623.15625 3847423.453125 -12601.974609375
342294.28125 3847540.59375 -14072.953125 
341859.828125 3847756.09375 -11341.548828125
343119.34375 3847237.46875 -10979.9443359375
341252.296875 3847975.390625 -10209.95410156
342457.9375 3847537.671875 -9772.986328125 
341086.265625 3848038.265625 -8918.796875 
341988.359375 3847723.171875 -7880.901367187
343299.203125 3847210.1875 -7804.75244140625
340710.640625 3848169.5625 -7485.86328125 
341718.140625 3847824.09375 -6447.1411132812
339507.84375 3848572.4375 -5783.8076171875 
342897.046875 3847399.703125 -6620.983886718
342182.71875 3847664 -5228.21728515625 
340500.875 3848253.84375 -4891.5673828125 
343389.96875 3847207.765625 -5471.82421875 
343584.125 3847146.140625 -4119.86669921875 
344965.96875 3846555.71875 -6573.01953125 
345172.84375 3846508.234375 -4820.9643554687
344993.671875 3846515.21875 -8368.2255859375
344014.015625 3846874.578125 -9829.533203125
346646.40625 3845894.84375 -8043.0810546875 
346561.40625 3845960.4375 -6324.634765625 
346524.328125 3845916.40625 -9359.453125 
345714.421875 3846207.859375 -10362.10058593
347732.109375 3845463.59375 -8811.83203125 
347763.171875 3845485.15625 -7067.888671875 
347483.625 3845532.546875 -10185.4599609375 
349205.953125 3844889.140625 -9851.458007812
346644.234375 3845820.171875 -11977.16699218
348406.875 3845147.1875 -12032.6591796875 
345342.4375 3846309.828125 -12484.30859375 
344064.90625 3846820.21875 -11937.001953125 
346247.6875 3845934.703125 -13934.7724609375
347132.046875 3845596.03125 -13905.219726562
345363.34375 3846273.390625 -13964.323242187
344479 3846612.078125 -13993.875 
343750.75 3846921.578125 -14020.234375 
343022.53125 3847231.078125 -14046.59375 
348016.671875 3845258.140625 -13875.00683593
348903.1875 3844925.703125 -13840.3505859375
349534.671875 3844713.765625 -12531.00195312
349789.71875 3844593.25 -13805.6943359375 
350163.90625 3844499.046875 -11408.206054687
351083.84375 3844133.265625 -12421.671875 
351581.3125 3843977.390625 -10925.3359375 
 350676.234375 3844260.8125 -13771.038085937
 351566.078125 3843937.109375 -13738.7880859
 352456.53125 3843615.03125 -13706.983398437
 352848.765625 3843504.703125 -11754.9931640
 353346.96875 3843292.953125 -13675.1796875 
 353052.140625 3843461.15625 -9904.005859375
 354541.5 3842911.234375 -10881.2275390625 
 350993.09375 3844219.515625 -9142.750976562
 352147.40625 3843810.046875 -8606.8984375 
 353390.53125 3843357.3125 -8412.35546875 
 350498.421875 3844439.828125 -7278.09814453
 349841.375 3844670.5625 -8738.5810546875 
 352406.296875 3843737.546875 -7298.3125 
 351673.015625 3844024.515625 -5988.81738281
 353143.265625 3843478.25 -6210.02685546875 
 354394.90625 3842999.859375 -6232.625976562
 352726.5 3843652.640625 -4948.30810546875 
 351464.828125 3844123.515625 -4540.80859375
 353800.21875 3843251.859375 -4167.705566406
 353382.203125 3843427.3125 -2856.6496582031
 355114.46875 3842813 -4127.00732421875 
 355604.09375 3842663.6875 -5492.3818359375 
 354544.453125 3842982.390625 -3020.09106445
 356192.578125 3842466.4375 -2986.3232421875
 355077.375 3842843.8125 -1893.3095703125 
 353325.28125 3843472.765625 -886.3039550781
 356812.21875 3842239.703125 -878.4688720703
 355082.484375 3842845.65625 -325.4041748046
 357987.59375 3841830.25 -1803.266357421875 
 357674.046875 3841946.875 -3320.87719726562
 358542.015625 3841623.546875 -251.730422973
 357247.375 3842078.09375 1171.131103515625 
 359403.828125 3841317.25 -1430.3349609375 
 360270.15625 3841007.8125 -253.981369018554
 359083.5 3841432.546875 -2941.81201171875 
 360849.890625 3840803.015625 -2219.89648437
 361238.296875 3840663.71875 -1010.699035644
 359990.390625 3841110.65625 -4153.954589843
 361172.625 3840689.15625 -3493.767578125 
 358561.609375 3841631.453125 -5280.57568359
 360681.875 3840866.046875 -6097.98583984375
 356674.28125 3842303.15625 -4447.0336914062
 356906.59375 3842227.859375 -5975.024902343
 357790.296875 3841923.25 -7550.51171875 
 355100.296875 3842787.484375 -7345.12744140
 356336.828125 3842435.484375 -7705.91503906
 354820.015625 3842853.890625 -8645.80761718
 356842.34375 3842265.0625 -9458.986328125 
 355898.5625 3842535.328125 -10526.264648437
 355365.28125 3842669.546875 -12138.40722656
 356913.25 3842242.703125 -11524.11328125 
 357945.140625 3841874.78125 -10448.24121093
 356585.984375 3842315.46875 -13561.57910156
 357368.859375 3842097 -13534.3125 
 355803.140625 3842533.9375 -13588.84375 
 355020.296875 3842752.40625 -13616.109375 
 354047.625 3843059.796875 -12279.12890625 
 354237.4375 3842970.875 -13643.375 
 358579.6875 3841644.859375 -11943.6015625 
 358206.328125 3841787.5 -13505.25 
 359378.03125 3841345.765625 -10574.234375 
 360254.640625 3841025.84375 -11885.48046875
 358558.6875 3841643.328125 -8865.7060546875
 360542.625 3840918.046875 -9006.4326171875 
 359168.328125 3841412.640625 -7058.49853515
 359593.21875 3841259.234375 -8241.694335937
 360961.609375 3840767.671875 -7570.75878906
 362414.609375 3840367.828125 -6593.10498046
 362416.890625 3840351.421875 -5623.46191406
 362412.296875 3840384.25 -7562.74755859375 
 362410 3840400.65625 -8532.37109375 
 362407.703125 3840417.0625 -9502.013671875 
 360903.65625 3840790.734375 -10502.49804687
 362405.390625 3840433.484375 -10471.6572265
 362403.09375 3840449.890625 -11441.29980468
 362400.796875 3840466.3125 -12410.923828125
 361558.625 3840670.859375 -13399.3125 
 362398.5 3840482.71875 -13380.5625 
 360718.765625 3840858.984375 -13418.0625 
 359881.296875 3841168.484375 -13447.125 
 359043.828125 3841477.984375 -13476.1875 
 361117.328125 3840709.9375 -4811.8774414062
 362419.1875 3840335.015625 -4653.8188476562
 362421.484375 3840318.59375 -3684.1953125 
 362423.78125 3840302.203125 -2714.552490234
 362426.078125 3840285.78125 -1744.909301757
 362428.390625 3840269.375 -775.266662597656
 362430.6875 3840252.953125 194.357360839843
 361568.96875 3840544.1875 1165.161499023437
 362432.984375 3840236.546875 1164 
 360704.953125 3840851.828125 1166.322998046
 359840.9375 3841159.46875 1167.484497070312
 358976.921875 3841467.09375 1168.6461181640
 358112.59375 3841773.84375 1169.84143066406
 356382.15625 3842382.34375 1172.42077636718
 355516.953125 3842686.59375 1173.7103271484
 354651.734375 3842990.84375 1175 
 353773.53125 3843326.34375 1176.33837890625
 352895.328125 3843661.828125 1177.676879882
 351572.296875 3844152.03125 -86.15041351318
 352017.109375 3843997.328125 1179.015258789
 352036.640625 3843957.453125 -1515.39599609
 350687.484375 3844470.21875 -1054.049560546
 351555.3125 3844113.5625 -3138.019287109375
 350675.15625 3844454.078125 -2309.0234375 
 349619.265625 3844845.40625 -3422.9921875 
 350379.453125 3844518.296875 -5341.95507812
 349147.453125 3845004.796875 -4849.22363281
 349219.625 3844948.5625 -6515.666015625 
 348822.96875 3845068.265625 -8031.915039062
 348025.15625 3845415.0625 -5602.71923828125
 346929.734375 3845842.421875 -5111.38476562
 348139.3125 3845404.3125 -3942.130615234375
 346584.765625 3845998.109375 -3894.63427734
 344525.296875 3846776.421875 -3200.29394531
 348049.65625 3845471.84375 -2192.6447753906
 346507.046875 3846055.09375 -2247.343505859
 349560.15625 3844893.1875 -1933.28674316406
 348936.984375 3845157.28125 -603.3578491210
 347182.6875 3845831.421875 -599.89440917968
 349990.984375 3844757.4375 -44.507179260253
 349385.953125 3845012.78125 1183.1440429687
 348509.578125 3845353.015625 1184.542602539
 350262.328125 3844672.546875 1181.745605468
 351138.90625 3844332.8125 1180.353637695312
 347633.1875 3845693.265625 1185.94104003906
 346752.296875 3846021.625 1187.30078125 
 346114.015625 3846238.28125 -50.84230804443
 345871.21875 3846349.46875 1188.65881347656
 345417.890625 3846479.953125 -1081.44494628
 344990.125 3846677.328125 1190.016845703125
 343645.734375 3847164.03125 -243.1818237304
 344109.03125 3847005.171875 1191.375 
 344119.84375 3846955.15625 -1735.3784179687
 342724.28125 3847486.140625 -1403.315917968
 343160.953125 3847326.28125 -2832.895751953
 342174.03125 3847671.875 -3914.661865234375
 341486.65625 3847920.75 -2423.82080078125 
 340949.921875 3848106.359375 -3654.04028320
 339569 3848563.03125 -4056.376953125 
 339963.90625 3848441.609375 -2835.688232421
 338583.21875 3848889.4375 -4819.3154296875 
 338334.109375 3848986.421875 -3100.86132812
 340047.171875 3848422.078125 -1583.98303222
 339047.578125 3848762.28125 -905.5237426757
 339890.734375 3848484.640625 -3.49729847908
 338592.921875 3848931.5 1199.6529541015625 
 340890.3125 3848138.234375 -698.74700927734
 340437.234375 3848305.609375 1196.680786132
 342105.5 3847709.75 -182.20509338378906 
 341355.1875 3847980.5 1195.3543701171875 
 342273.125 3847655.390625 1194.027954101562
 343191.078125 3847330.28125 1192.7014160156
 339515.65625 3848620.21875 1198.14501953125
 337716.203125 3849215.796875 -320.757263183
 337670.1875 3849242.78125 1201.160888671875
 336283.65625 3849718.28125 -438.00552368164
 336747.5625 3849554.34375 1202.64892578125 
 335825.6875 3849868.171875 1203.97912597656
 334903.828125 3850181.984375 1205.309448242
 333981.953125 3850495.828125 1206.639648437
 333060.09375 3850809.640625 1207.9698486328
 339335.328125 3848620.421875 -7144.90869140
 337324.0625 3849288.359375 -14250.530273437
 336467.890625 3849624.671875 -12861.8896484
 335921.671875 3849840.46875 -11573.98632812
 336431.953125 3849634.28125 -14278.4375 
 335539.84375 3849980.203125 -14306.34472656
 335058.703125 3850171.3125 -12834.837890625
 334647.765625 3850326.109375 -14334.25 
 323819.40625 3853883.515625 -10995.39941406
 318253.984375 3854585.21875 -10154.04785156
 319664.21875 3854240.40625 -16114.5 
 316317.25 3855315.390625 1448.2186279296875
 317168.765625 3855122.796875 1428.125244140
 318020.296875 3854930.1875 1408.03137207031
 318390.75 3854803.578125 -294.4722290039062
 318871.828125 3854737.578125 1387.9375 
 319865.28125 3854697.03125 1366.60925292968
 320858.71875 3854656.46875 1345.28125 
 321852.171875 3854615.921875 1323.953002929
 322845.609375 3854575.375 1302.625 
 323680.8125 3854365.609375 1282.03125 
 324516.015625 3854155.828125 1261.437622070
 324887.421875 3854010.3125 -358.93341064453
 325351.234375 3853946.046875 1240.843627929
 326566.796875 3853544.34375 -1243.772949218
 327082.125 3853286 -76.343429565429688 
 326408.9375 3853549.875 -2490.65673828125 
 327675.78125 3852990.15625 -1981.2357177734
 328176.015625 3852733.125 -480.27734375 
 328043.484375 3852807.4375 -3371.8408203125
 328963.859375 3852337.96875 -1987.757324218
 329389.796875 3852114.328125 1213.5 
 328588.953125 3852519.8125 1215.1875 
 330307.34375 3851788.09375 1212.1171875 
 331224.890625 3851461.84375 1210.734375 
 327788.125 3852925.296875 1216.875 
 326987.28125 3853330.796875 1218.5625 
 326186.4375 3853736.28125 1220.25 
