367229.84375 3838174.328125 -3925.51220703125 
366416.34375 3838547.75 -2928.385009765625 
368394.046875 3837637.984375 -2047.7587890625 
367286.6875 3838143.390625 -969.73089599609375 
368426.1875 3837625.953125 -3673.319091796875 
365889.5 3838798.609375 -4450.1513671875 
365003.3125 3839165.96875 -2763.734375 
367170.390625 3838203.765625 -5263.7666015625 
365419.75 3839003.765625 -6120.80615234375 
 369263.28125 3837238.875 -4629.39990234375 
 369497.3046875 3837128.015625 -3179.1025390625 
 368989.3203125 3837368.578125 -5922.763671875 
 368180.703125 3837743.734375 -6898.63916015625 
 370207.1328125 3836792.703125 -5465.90283203125 
 369364.875 3837191.171875 -7170.10498046875 
 370344.625 3836727.5 -4051.561279296875 
 371564.40625 3836150.78125 -4297.25244140625 
 371288.75 3836291.609375 -2329.6787109375 
 369866.5625 3836953.25 -1965.6148681640625 
 371602.3203125 3836169.25 -754.87872314453125 
 369014.203125 3837351.390625 -514.37353515625 
 370328.5859375 3836741.125 -321.03973388671875 
 367727.28125 3837938.0625 1156.5205078125 
 366864.5 3838333.21875 1161.72900390625 
 368590.0625 3837542.890625 1151.3118896484375 
 369452.8359375 3837147.734375 1146.103515625 
 370319.5 3836761.1875 1140.78564453125 
 371186.3984375 3836375.140625 1135.461181640625 
 372053.296875 3835989.109375 1130.1368408203125 
 372641.953125 3835713.15625 -134.04426574707031 
 372920.203125 3835603.0625 1124.8125 
 372439.078125 3835782.765625 -2024.9293212890625 
 373334.7265625 3835389.234375 -1177.609619140625 
 373588.9609375 3835257.28125 -3147.0009765625 
 374004.8125 3835050.46875 -137.10107421875 
 375044.46875 3834521.75 -672.62957763671875 
 374418.84375 3834837.09375 -2292.011962890625 
 374627.203125 3834736.21875 1114.2659912109375 
 375480.7109375 3834302.796875 1108.99267578125 
 373773.703125 3835169.640625 1119.5391845703125 
 376759.5703125 3833671.765625 -683.0810546875 
 376334.2109375 3833869.375 1103.7193603515625 
 375889.546875 3834090.328125 -2257.914306640625 
 377333.71875 3833403.28125 -2114.08251953125 
 378484.7578125 3832848.203125 -1210.5546875 
 377390.453125 3833379.625 -3677.8916015625 
 375933.1953125 3834069.109375 -4011.19921875 
 378452.6875 3832870.734375 -2511.135498046875 
 379341.53125 3832448.15625 -3362.424560546875 
 379368.78125 3832443.140625 -4842.38916015625 
 379807.8984375 3832214.71875 -1665.031982421875 
 381047.1640625 3831647.9375 -3012.377197265625 
 379350.28125 3832426.75 -214.5703125 
 377816.4375 3833163.703125 -161.00010681152344 
 381106.15625 3831623.109375 -1097.061279296875 
 380673.4453125 3831816.59375 1077.359375 
 382876.671875 3830836.9375 -2192.486572265625 
 382379.6171875 3831058.640625 -462.03250122070312 
 382206.6953125 3831133.40625 -3256.5205078125 
 383464.1953125 3830556.4375 -3716.1083984375 
 382128.5078125 3831167.171875 -4545.54248046875 
 380399.015625 3831944.15625 -4146.61376953125 
 383728.0703125 3830425.296875 -5346.6083984375 
 382002.765625 3831221.9375 -5995.099609375 
 384958.3671875 3829850.140625 -3597.755615234375 
 384882.9921875 3829876.9375 -5853.916015625 
 384275.421875 3830178.359375 -2248.92138671875 
 385985.296875 3829367.671875 -2803.534423828125 
 385479.0546875 3829612.3125 -1458.7481689453125 
 385998.8984375 3829355.9375 -4159.11572265625 
 387193.8046875 3828794.59375 -3163.122802734375 
 386068.8984375 3829317.828125 -5438.0263671875 
 386233.3515625 3829234 -6980.5361328125 
 387092.6171875 3828836.890625 -4579.10693359375 
 387300.7734375 3828732.875 -5980.1376953125 
 388234.4609375 3828299.484375 -3846.991455078125 
 388470.6953125 3828196.953125 -2531.871826171875 
 388409.6171875 3828211.390625 -5172.64990234375 
 389464.0390625 3827728.046875 -3793.024169921875 
 390602.4921875 3827191.9375 -5083.30908203125 
 389797.9296875 3827588.65625 -2027.24267578125 
 391259.546875 3826872.421875 -3209.11474609375 
 388072.6171875 3828392.96875 -1052.268310546875 
 389810.859375 3827595.671875 -465.26797485351562 
 386795.4453125 3828988.671875 -1746.1260986328125 
 386349.21875 3829205.21875 -346.75759887695312 
 384913.328125 3829884.4375 -276.99200439453125 
 383758.21875 3830429.0625 -676.84710693359375 
 385926.78125 3829410.40625 1045.69189453125 
 386789.734375 3829002.421875 1040.4019775390625 
 385063.8515625 3829818.453125 1050.982177734375 
 384200.921875 3830226.515625 1056.2723388671875 
 383337.9921875 3830634.5625 1061.5625 
 382449.8125 3831028.578125 1066.828125 
 381561.625 3831422.578125 1072.09375 
 387656.421875 3828602.40625 1035.145263671875 
 388523.1015625 3828202.40625 1029.8885498046875 
 389389.796875 3827802.390625 1024.6317138671875 
 390256.4765625 3827402.375 1019.375 
 391037.8203125 3827001.6875 1014.1093139648438 
 391414.96875 3826800.828125 -1008.8069458007812 
 391819.1484375 3826601.015625 1008.8436889648438 
 391903.8515625 3826545.890625 -2158.560302734375 
 392979.5546875 3825999.578125 -724.658447265625 
 392969.9453125 3826005.15625 -2601.94140625 
 391887.0859375 3826545.609375 -4564.697265625 
 394128.1015625 3825457.09375 -2362.3798828125 
 394726.2265625 3825167.59375 -1241.041748046875 
 393500.9609375 3825757.84375 -3807.568115234375 
 394801.015625 3825141.796875 -3433.292724609375 
 394378.7578125 3825345.78125 -4732.98583984375 
 395366.03125 3824866.828125 -2313.250732421875 
 396576.5 3824297.203125 -4209.0859375 
 395408.2578125 3824861.15625 -5516.91357421875 
 396523.9921875 3824313.953125 -2367.845703125 
 398153.3203125 3823520.984375 -2967.3994140625 
 396020.1171875 3824546.59375 -590.79620361328125 
 397426.296875 3823870.46875 -810.2222900390625 
 394030.8515625 3825495.21875 -238.42843627929688 
 395182.7265625 3824939.453125 988.14208984375 
 396083.1875 3824509.34375 983.056884765625 
 394282.2734375 3825369.546875 993.22723388671875 
 393381.8125 3825799.65625 998.3125 
 392600.4765625 3826200.34375 1003.578125 
 396983.65625 3824079.25 977.97161865234375 
 397879.4375 3823639.53125 972.55267333984375 
 398554.40625 3823312.21875 -349.9521484375 
 398774.4375 3823198.1875 967.0767822265625 
 399214.125 3822991.59375 -1471.6192626953125 
 399911.4765625 3822643.046875 -365.21768188476562 
 400985.734375 3822134.03125 -1012.3505249023438 
 399669.4296875 3822756.84375 961.6009521484375 
 400564.4296875 3822315.5 956.125 
 401398.109375 3821889.109375 951.1070556640625 
 402209.375 3821499.515625 -517.6724853515625 
 402231.7890625 3821462.734375 946.089111328125 
 402656.1328125 3821303.296875 -2385.728515625 
 400851.9140625 3822218.640625 -2598.080322265625 
 403486.265625 3820851.640625 -824.81353759765625 
 404032.7421875 3820584.75 -2342.54931640625 
 403065.46875 3821036.359375 941.0711669921875 
 403899.140625 3820609.96875 936.05328369140625 
 404539.453125 3820291.6875 -338.16445922851562 
 404729 3820176.234375 930.73583984375 
 405143.3515625 3819988.03125 -1434.6807861328125 
 405972.328125 3819539.453125 -397.82357788085938 
 406538.84375 3819256.984375 -1617.3018798828125 
 405557.9296875 3819740.703125 925.3447265625 
 406386.8515625 3819305.15625 919.95367431640625 
 407215.7890625 3818869.625 914.5625 
 407678.3125 3818674.046875 -1117.2672119140625 
 408086.640625 3818434.203125 921.42431640625 
 406805.8359375 3819145.125 -2960.51025390625 
 408288.3828125 3818402.8125 -3039.968017578125 
 405706.1484375 3819706.4375 -2567.301025390625 
 404934.25 3820123.96875 -3520.75439453125 
 403197.2734375 3821054.578125 -4010.568359375 
 404113.3046875 3820580.546875 -5400.0751953125 
 401658.0625 3821840.390625 -3919.69677734375 
 402375.3515625 3821503.46875 -5654.53173828125 
 400917.953125 3822217.5 -5347.42626953125 
 403921.8203125 3820703.3125 -6892.59130859375 
 405186.25 3820020.5 -5837.5146484375 
 402750.421875 3821345.171875 -7596.52294921875 
 401255.765625 3822078.171875 -7188.3671875 
 403386.2890625 3821018.390625 -8872.44140625 
 401822.640625 3821828.078125 -8786.6923828125 
 404864.5 3820216.171875 -7966.46533203125 
 405460.0078125 3819933.421875 -9095.2001953125 
 405948.3125 3819646.265625 -6804.59521484375 
 406534.84375 3819381.453125 -8596.435546875 
 406139.3984375 3819520.203125 -5132.18603515625 
 407249.5703125 3818967.5 -5605.3095703125 
 406993.28125 3819073.140625 -4250.92138671875 
 408097.6484375 3818526.96875 -4684.1162109375 
 409001.09375 3818098.015625 -6256.13037109375 
 409571.7265625 3817768.28125 -3482.405517578125 
 409431.796875 3817812.875 -1991.248046875 
 410090.46875 3817518.4375 -4865.58447265625 
 411139.3359375 3816972.046875 -4438.5263671875 
 411131.65625 3816959.953125 -3181.32666015625 
 411708.3046875 3816692.5 -5524.18408203125 
 410179 3817489.703125 -6189.64697265625 
 412268.3203125 3816385.21875 -4084.533203125 
 413368.84375 3815829.640625 -5042.6240234375 
 411851.140625 3816575.875 -2168.792236328125 
 411157.5234375 3816920.328125 -1124.7069091796875 
 412907.28125 3816037.75 -2702.525146484375 
 412428.9375 3816257.28125 -577.27423095703125 
 413751.53125 3815579.71875 -960.08905029296875 
 411565.390625 3816683.265625 949.51666259765625 
 410699.21875 3817127.90625 942.00994873046875 
 412430.5859375 3816236.703125 957.15692138671875 
 413295.796875 3815790.15625 964.7972412109375 
 414160.984375 3815343.59375 972.4375 
 415417.8125 3814658.125 -445.41818237304688 
 414988.2421875 3814882.09375 979.75006103515625 
 414281.6484375 3815310.59375 -2157.34375 
 415434.609375 3814665.25 -1950.634521484375 
 414448.9921875 3815231.78125 -3481.356201171875 
 415727.8125 3814519.359375 -3560.669677734375 
 416956.3359375 3813852.546875 -3119.12158203125 
 415468.6015625 3814679.65625 -4994.361328125 
 414432.828125 3815262.46875 -5458.9990234375 
 416611.1171875 3814063.515625 -4520.32568359375 
 415761.671875 3814552.328125 -6462.798828125 
 417077.0234375 3813860.453125 -6684.9912109375 
 415934.171875 3814492.109375 -8007.181640625 
 417759.59375 3813465.203125 -5002.3134765625 
 418399.59375 3813148.859375 -6118.33056640625 
 417992.3046875 3813313.15625 -3569.15625 
 418954.984375 3812856 -4224.8310546875 
 418786.7265625 3812923.046875 -2684.430908203125 
 420398.375 3812197.703125 -3498.9677734375 
 417713.828125 3813431.84375 -2141.724853515625 
 418320.9296875 3813120.96875 -485.2313232421875 
 417082.3671875 3813744 -1041.9927978515625 
 417470.0078125 3813497.625 1001.6875610351562 
 416642.75 3813959.109375 994.37506103515625 
 418324.796875 3813110.296875 1009.125 
 419179.5859375 3812722.96875 1016.5625 
 419625.0859375 3812532.671875 -917.62420654296875 
 420034.3828125 3812335.640625 1024 
 420101.78125 3812324.1875 -2175.970458984375 
 420783.6953125 3812001.65625 -356.09649658203125 
 421269 3811718.546875 -1825.593017578125 
 422411.390625 3811068.0625 -3478.631591796875 
 421989.3828125 3811315.203125 -479.75387573242188 
 422531.59375 3810999.390625 -2019.5997314453125 
 421617.0859375 3811534.265625 1038.7657470703125 
 422344.9921875 3811120.234375 1046.09375 
 420889.171875 3811948.3125 1031.4375 
 423072.90625 3810706.1875 1053.4219970703125 
 423457.6640625 3810500.921875 -998.78973388671875 
 424198.0625 3810128.96875 -91.159774780273438 
 424229.6875 3810150.90625 -2918.4326171875 
 424605.7265625 3809961.796875 -1324.7054443359375 
 424099.390625 3810243.375 -4423.1328125 
 425462.8671875 3809614.28125 -4605.90966796875 
 422354.625 3811119.640625 -4752.6845703125 
 423232.3359375 3810696.90625 -5577.22265625 
 421287.4453125 3811692.09375 -5154.52783203125 
 422092.359375 3811279.359375 -6335.55126953125 
 420706.5390625 3812014.875 -6752.31591796875 
 422640.0234375 3811031.046875 -7696.82763671875 
 424231.5390625 3810233.875 -7511.7177734375 
 421043.859375 3811840.75 -8440.43359375 
 422575.015625 3811096.125 -9484.537109375 
 419854.3125 3812470.21875 -7857.076171875 
 419387.765625 3812690.328125 -9319.384765625 
 419515.4453125 3812610.578125 -5649.857421875 
 418588.40625 3813075.25 -7427.640625 
 417640.890625 3813611.59375 -9151.4892578125 
 417091.09375 3813879.359375 -7994.08984375 
 418462.1171875 3813194.15625 -10012.099609375 
 418871.8515625 3813001.3125 -11207.951171875 
 417122.90625 3813925.015625 -11098.306640625 
 415870.9296875 3814556.703125 -9552.232421875 
 417997.3828125 3813463.171875 -11153.12890625 
 416248.4375 3814386.875 -11043.484375 
 414150.28125 3815456.578125 -8792.404296875 
 414463.546875 3815259.296875 -6734.35302734375 
 414499.484375 3815310.5625 -10933.83984375 
 413625.015625 3815772.421875 -10879.017578125 
 415373.9609375 3814848.71875 -10988.662109375 
 412894.3828125 3816129.25 -9315.1337890625 
 412782.9609375 3816206.015625 -10826.720703125 
 413629.3125 3815728.40625 -7624.931640625 
 412519.34375 3816296.046875 -7232.36767578125 
 413366.0703125 3815847.828125 -6346.92236328125 
 411146.4765625 3817000.53125 -6955.244140625 
 411602.765625 3816789.671875 -8869.91015625 
 409962.3046875 3817621.703125 -7774.052734375 
 408823.4375 3818206.0625 -7540.6552734375 
 409897.3671875 3817674.015625 -9247.9560546875 
 407452.6484375 3818888.5 -6914.60498046875 
 408234.6484375 3818523.984375 -8656.7509765625 
 408572.7109375 3818374 -10565.2392578125 
 407730.65625 3818807.609375 -10512.9423828125 
 409414.765625 3817940.40625 -10617.53515625 
 410256.8125 3817506.8125 -10669.83203125 
 411098.859375 3817073.21875 -10722.1279296875 
 411940.9140625 3816639.609375 -10774.4248046875 
 406886.21875 3819236.78125 -10462.927734375 
 406040.3828125 3819663.375 -10414.244140625 
 405194.546875 3820089.96875 -10365.55859375 
 404348.7109375 3820516.5625 -10316.875 
 403688.984375 3820873.046875 -10295.9521484375 
 403029.265625 3821229.53125 -10275.0283203125 
 402369.53125 3821586 -10254.10546875 
 401489.1484375 3822002.28125 -10325.923828125 
 400608.765625 3822418.578125 -10397.7421875 
 400010.1640625 3822677.109375 -8202.2509765625 
 399728.3828125 3822834.859375 -10469.560546875 
 399714.5546875 3822796.0625 -6319.875 
 398164.71875 3823536.625 -7153.015625 
 399342.78125 3822957.3125 -5017.52783203125 
 398615.3125 3823311.40625 -6004.251953125 
 399939.7421875 3822662.5625 -3827.1201171875 
 399291.4296875 3822958.84375 -2755.7265625 
 398120.359375 3823545.234375 -4875.5927734375 
 397024.0078125 3824088.4375 -5482.65966796875 
 396585.9140625 3824304.234375 -6758.2978515625 
 397398.9765625 3823917.578125 -8833.109375 
 394409.7890625 3825337.75 -6935.9375 
 395589.0390625 3824784.1875 -8177.3037109375 
 393174.2890625 3825916.109375 -5097.81884765625 
 392492.4375 3826241.875 -6265.03173828125 
 391341.953125 3826816.9375 -6792.8271484375 
 392892.8515625 3826056.609375 -7583.7548828125 
 391492.203125 3826734.984375 -8121.9736328125 
 393882.484375 3825593.546875 -9120.2958984375 
 392121.71875 3826426.125 -9263.9326171875 
 395039.1875 3825048.125 -9525.021484375 
 396243.21875 3824478.625 -9366.384765625 
 394446.0859375 3825332.5625 -10900.47265625 
 393565.703125 3825748.84375 -10972.291015625 
 395326.4765625 3824916.28125 -10828.6533203125 
 396206.859375 3824500 -10756.8349609375 
 397087.2421875 3824083.71875 -10685.0166015625 
 397967.625 3823667.4375 -10613.197265625 
 398798.90625 3823257.328125 -8986.7158203125 
 398848.015625 3823251.140625 -10541.37890625 
 392685.3203125 3826165.125 -11044.109375 
 391804.9375 3826581.40625 -11115.927734375 
 390391.8671875 3827255.203125 -9802.177734375 
 390924.5546875 3826997.6875 -11187.74609375 
 390294.140625 3827307.484375 -8299.5986328125 
 388588.890625 3828110.3125 -9297.0126953125 
 389549.2265625 3827666.578125 -6590.33447265625 
 388854.171875 3827990.484375 -7850.7060546875 
 388383.8515625 3828218.46875 -6469.6943359375 
 387581.140625 3828594.5625 -7413.94775390625 
 387373.6796875 3828687.1875 -8822.2890625 
 385921.2890625 3829373.171875 -9127.912109375 
 384846.640625 3829888.78125 -7228.857421875 
 386873.4609375 3828918.6875 -10138.021484375 
 385376.9296875 3829625.96875 -10318.7978515625 
 388283.421875 3828246.5625 -11403.201171875 
 389163.796875 3827830.265625 -11331.3828125 
 387403.03125 3828662.84375 -11475.0205078125 
 386522.6484375 3829079.125 -11546.8388671875 
 385642.296875 3829495.390625 -11619.19921875 
 384762.0703125 3829911.578125 -11693.337890625 
 384205.71875 3830181.328125 -10005.576171875 
 383881.8359375 3830327.78125 -11767.478515625 
 384686.4296875 3829959.0625 -8662.2216796875 
 383224.1015625 3830651.296875 -8575.09765625 
 383052.6015625 3830738.96875 -6880.66748046875 
 382029.015625 3831208.484375 -8587.91796875 
 381565.765625 3831414.84375 -7370.56201171875 
 380521.875 3831899.421875 -6768.97314453125 
 379617.5390625 3832335.203125 -7746.60888671875 
 380577.6484375 3831865.53125 -5471.8681640625 
 379428.53125 3832421.609375 -6301.23486328125 
 377677.734375 3833251.984375 -7698.01513671875 
 378765.9375 3832739.515625 -8630.474609375 
 378247.671875 3832978.4375 -5647.1435546875 
 377063.375 3833539.484375 -6272.1572265625 
 376908 3833610.203125 -4925.51806640625 
 375874.234375 3834100.3125 -5656.021484375 
 374688.625 3834695.78125 -5289.47314453125 
 376168.4765625 3833964.640625 -7333.42041015625 
 374907.28125 3834582.796875 -6639.1767578125 
 376165.9921875 3833969.28125 -9041.7958984375 
 377711.2421875 3833239.171875 -9185.2880859375 
 374491.9765625 3834791.6875 -8024.21875 
 374678.9296875 3834694.671875 -9468.0869140625 
 373511.203125 3835247.046875 -7353.62841796875 
 373612.3828125 3835185.03125 -8901.9013671875 
 373690.453125 3835181.015625 -6095.37841796875 
 372482.9765625 3835716.78125 -6769.4130859375 
 372677.453125 3835644.9375 -4918.52197265625 
 372572.953125 3835674.4375 -8249.2197265625 
 371604.296875 3836132.359375 -7578.00439453125 
 372603.7265625 3835660.078125 -9577.2041015625 
 371432.3125 3836213.90625 -9284.7177734375 
 373600.7421875 3835188.75 -10317.5732421875 
 372939.6171875 3835501.515625 -11410.6953125 
 374364.5078125 3834827.765625 -11300.0908203125 
 375395.328125 3834336.890625 -10687.91796875 
 373319.109375 3835322.25 -12657.150390625 
 372438.8828125 3835738.453125 -12731.2890625 
 374199.3359375 3834906.046875 -12583.0107421875 
 375079.5625 3834489.828125 -12508.87109375 
 375959.7890625 3834073.625 -12434.732421875 
 376840.0078125 3833657.40625 -12360.5927734375 
 377155.875 3833504.421875 -10539.6318359375 
 377720.2421875 3833241.203125 -12286.453125 
 378244.53125 3832990.75 -10988.8857421875 
 378600.4609375 3832825 -12212.3154296875 
 379480.6875 3832408.78125 -12138.17578125 
 380013.953125 3832153.734375 -10660.47265625 
 380360.9140625 3831992.578125 -12064.0361328125 
 378883.2890625 3832686.65625 -9916.33984375 
 380181.1796875 3832071.765625 -9217.6796875 
 381528.9609375 3831431.859375 -9787.619140625 
 382842.1484375 3830825.3125 -10312.8955078125 
 382121.3671875 3831160.15625 -11915.7578125 
 383001.609375 3830743.96875 -11841.6171875 
 381241.140625 3831576.375 -11989.8974609375 
 371866.3828125 3836008.890625 -10844.8779296875 
 371558.65625 3836154.671875 -12805.4287109375 
 370020.9140625 3836881.328125 -9760.787109375 
 370132.2734375 3836828.90625 -11376.2666015625 
 369653.046875 3837055.109375 -8562.1376953125 
 368012.3125 3837825.15625 -9489.767578125 
 370464.3125 3836671.390625 -7669.48828125 
 368571.421875 3837566.46875 -8148.7919921875 
 366714.03125 3838430.265625 -9134.93359375 
 367014.03125 3838281.28125 -7209.9150390625 
 367178.703125 3838215.65625 -10473.38671875 
 368330.296875 3837680.875 -10923.587890625 
 365594.40625 3838945.1875 -9853.880859375 
 365581.65625 3838942.203125 -7794.38671875 
 366129.71875 3838713.96875 -11156.1982421875 
 365069.34375 3839200.890625 -11904.6953125 
 367605.375 3838019.421875 -11917.9130859375 
 366617.75 3838491 -13210.4228515625 
 368917.984375 3837403.28125 -13027.8466796875 
 368037.75 3837819.5 -13101.986328125 
 367327.75 3838155.25 -13156.2041015625 
 369798.203125 3836987.078125 -12953.7080078125 
 370678.4296875 3836570.875 -12879.5673828125 
 365907.75 3838826.75 -13264.640625 
 365030.578125 3839241.5 -13290.1396484375 
 364153.40625 3839656.25 -13315.638671875 
 363541.28125 3839925.390625 -12073.2578125 
 363276.234375 3840071 -13341.138671875 
 364146.453125 3839621.609375 -10959.51171875 
 362404.140625 3840452.109375 -11426.01953125 
 362406.671875 3840435.296875 -10455.7080078125 
 362401.59375 3840468.9375 -12396.3310546875 
 362399.0625 3840485.75 -13366.63671875 
 363570.53125 3839874.96875 -9799.0390625 
 362409.21875 3840418.484375 -9485.396484375 
 364531.25 3839408.671875 -9022.9462890625 
 363564.765625 3839853.21875 -8278.421875 
 364001.9375 3839627.375 -7076.60400390625 
 362414.296875 3840384.859375 -7544.7734375 
 362416.828125 3840368.03125 -6574.47509765625 
 362411.75 3840401.671875 -8515.0849609375 
 363806.765625 3839695.078125 -5555.0048828125 
 362419.359375 3840351.21875 -5604.16357421875 
 364410.015625 3839422.203125 -4169.6064453125 
 362421.890625 3840334.40625 -4633.85205078125 
 362424.4375 3840317.59375 -3663.540283203125 
 363667.578125 3839727.796875 -2221.165283203125 
 362426.96875 3840300.78125 -2693.228759765625 
 364662.21875 3839303.890625 -1260.8770751953125 
 363768.984375 3839676.6875 -184.3353271484375 
 365967.0625 3838754.140625 -1566.8212890625 
 365551.25 3838924.125 -189.73930358886719 
 366001.71875 3838728.390625 1166.9375 
 365110.5625 3839104.671875 1172.203125 
 364219.40625 3839480.953125 1177.46875 
 363328.265625 3839857.234375 1182.734375 
 362434.5625 3840250.328125 217.69297790527344 
 362437.109375 3840233.515625 1188 
 362432.03125 3840267.15625 -752.61865234375 
 362429.5 3840283.96875 -1722.93017578125 
 371452.53125 3836203.890625 -5820.4697265625 
 372445.265625 3835765.84375 -3319.048583984375 
 374465.234375 3834811.171875 -3940.739990234375 
 390044.171875 3827413.984375 -11259.5654296875 
 419746.328125 3812539.46875 -11262.7734375 
 420982.6171875 3811898.328125 -9920.7373046875 
 420531.5234375 3812148.703125 -11310.626953125 
 421316.71875 3811757.953125 -11358.4794921875 
 422101.9140625 3811367.1875 -11406.3330078125 
 422887.109375 3810976.421875 -11454.185546875 
 424113.6640625 3810344.4375 -10347.5869140625 
 423753.8671875 3810499.171875 -8993.0341796875 
 423672.3046875 3810585.65625 -11502.0390625 
 424457.5 3810194.890625 -11549.892578125 
 425242.6953125 3809804.140625 -11597.7451171875 
 424936.4609375 3809918.484375 -9494.818359375 
 426507.6171875 3809166.375 -10118.0634765625 
 426045.359375 3809388.375 -8608.796875 
 426182.296875 3809321.109375 -7100.66943359375 
 427377.8984375 3808704.359375 -8832.3291015625 
 427753.1875 3808486.03125 -10316.07421875 
 427232.8984375 3808795.125 -7575.44140625 
 428627.875 3808027.28125 -8426.4521484375 
 428938.484375 3807844.9375 -9829.681640625 
 428247.0625 3808247.65625 -7046.20556640625 
 429837.71875 3807372.515625 -7973.35498046875 
 427318.40625 3808769.796875 -5307.81591796875 
 428443.875 3808156.109375 -5375.06103515625 
 426155.515625 3809324.703125 -5740.47802734375 
 424648.6796875 3809997.453125 -5958.8486328125 
 426794.6796875 3809039.6875 -3706.18994140625 
 428027.640625 3808396.984375 -3865.079345703125 
 425562.5234375 3809559.234375 -2451.13134765625 
 427311.3515625 3808803.734375 -2096.74560546875 
 425754.6875 3809468.3125 -934.45330810546875 
 428740.3515625 3808026.890625 -2718.212890625 
 428943.953125 3807965.203125 -990.0487060546875 
 429170.3671875 3807778.28125 -4386.87158203125 
 430638.296875 3807092.46875 -2762.52587890625 
 429411.234375 3807623.265625 -6029.52978515625 
 430872.4921875 3806912.90625 -5657.17333984375 
 430694.734375 3806970.421875 -7001.3115234375 
 431262.859375 3806655.390625 -8192.3837890625 
 430216.1015625 3807154.4375 -9310.728515625 
 432549.140625 3806017.90625 -7100.6513671875 
 433155.3203125 3805676.21875 -8764.3447265625 
 432039.609375 3806305.421875 -5897.69775390625 
 433157.3828125 3805742.484375 -5425.01611328125 
 434326.390625 3805132.484375 -6206.173828125 
 432336.2890625 3806181.546875 -4589.13671875 
 433399.265625 3805644.921875 -4164.72509765625 
 434531.23828125 3805073.9375 -3944.326171875 
 432518.8671875 3806115.09375 -3352.71923828125 
 432911.3515625 3805938.75 -2171.602294921875 
 431300.328125 3806727.71875 -4148.4990234375 
 431795.4375 3806515.203125 -2220.21044921875 
 430642.78125 3807135.46875 -731.0390625 
 429894.9921875 3807480.5 -1753.1883544921875 
 432326.671875 3806269.171875 -945.68280029296875 
 431912.0234375 3806530.765625 1125.9676513671875 
 434006.5625 3805381.734375 -1906.1026611328125 
 434009.4140625 3805411.875 -344.2564697265625 
 435308.921875 3804712.140625 -2405.259765625 
 435697.546875 3804547.515625 -916.2843017578125 
 436538.33984375 3804079.21875 -3099.09521484375 
 436412.45703125 3804112.71875 -4536.5009765625 
 436946.171875 3803905.140625 -1600.716552734375 
 438272.765625 3803283.421875 -3274.338134765625 
 436785.859375 3804014.53125 -215.56610107421875 
 436124.90625 3804375.65625 1162.471435546875 
 438189.42578125 3803344.359375 -836.669921875 
 438517.234375 3803191.453125 -2042.1654052734375 
 437815.9765625 3803525.1875 1177.0625 
 438557.39453125 3803207.640625 1182.9124755859375 
 436970.44140625 3803950.421875 1169.7669677734375 
 439671.5703125 3802713.75 -420.42440795898438 
 439298.8046875 3802890.09375 1188.762451171875 
 439673.78515625 3802695.390625 -2102.585205078125 
 441146.171875 3802055.421875 -813.32061767578125 
 440009.07421875 3802504.375 -3874.05615234375 
 441104.78515625 3802017.75 -2684.6884765625 
 438853.671875 3803021.375 -4548.67724609375 
 439660.25 3802616.390625 -5650.94287109375 
 437628.05859375 3803541.09375 -5061.8017578125 
 438473.4296875 3803168.375 -6083.544921875 
 436892.90234375 3803840.828125 -6529.568359375 
 438541.65625 3803094.984375 -7458.21337890625 
 436661.1953125 3803923 -8179.33935546875 
 439573.5234375 3802619.15625 -6909.89453125 
 440115.6328125 3802326.578125 -8010.21826171875 
 439149.1015625 3802741.75 -9518.4658203125 
 441308.8203125 3801796.65625 -6714.9677734375 
 441775.3515625 3801510.828125 -8770.7998046875 
 440797.71875 3802074.96875 -5597.244140625 
 442038.79296875 3801478.8125 -5715.52294921875 
 442641.8828125 3801095.234375 -7442.439453125 
 441501.20703125 3801769.84375 -4595.3447265625 
 442824.94140625 3801046.046875 -4422.0244140625 
 442590.6171875 3801221.34375 -2665.371826171875 
 442063.4140625 3801559.0625 -1550.7882080078125 
 444020.76953125 3800398.109375 -1039.1591796875 
 443762.3359375 3800519.984375 -2678.89404296875 
 442592.62890625 3801264.890625 -425.29183959960938 
 443666.71484375 3800655.25 1228.25 
 441523.0625 3801937.453125 1206.3125 
 440781.63671875 3802255 1200.46240234375 
 442237.62109375 3801510.046875 1213.625 
 442952.171875 3801082.65625 1220.9375 
 440040.2265625 3802572.546875 1194.612548828125 
 444792.828125 3799950.28125 -23.237451553344727 
 444381.27734375 3800227.859375 1235.5625 
 444834.296875 3799924.484375 -2079.07568359375 
 445939.48828125 3799173.625 -655.449951171875 
 445930.5859375 3799180.75 -1615.5498046875 
 445948.39453125 3799166.5 304.65005493164062 
 445169.29296875 3799693.609375 1250.156494140625 
 445957.296875 3799159.375 1264.75 
 445921.6796875 3799187.875 -2575.64990234375 
 445912.77734375 3799195 -3535.75 
 444087.5546875 3800318.125 -3989.5546875 
 445903.87109375 3799202.109375 -4495.85009765625 
 443125.8828125 3800836.5 -5897.52734375 
 444559.1484375 3800039.609375 -5916.73388671875 
 444022.81640625 3800303.1875 -7830.32958984375 
 443097.1328125 3800793.265625 -8923.203125 
 444606.2890625 3799964.515625 -9759.2392578125 
 441952.90625 3801384.703125 -10118.29296875 
 443385.86328125 3800612.40625 -10398.357421875 
 440623.36328125 3802046.734375 -9229.8779296875 
 440783.62890625 3801929.21875 -10566.0498046875 
 439035.765625 3802749.421875 -11031.404296875 
 440205.75 3802143.75 -12565.74609375 
 437378.01953125 3803563.453125 -10296.306640625 
 437904.515625 3803355.828125 -8870.9189453125 
 437651.37109375 3803369.265625 -12371.474609375 
 436799.91015625 3803777.765625 -12306.7177734375 
 438502.82421875 3802960.765625 -12436.2314453125 
 439354.28515625 3802552.265625 -12500.98828125 
 436018.5703125 3804183.0625 -10696.1376953125 
 435948.453125 3804186.265625 -12241.9609375 
 436504.40625 3803976.984375 -9452.890625 
 435510.890625 3804477.796875 -8813.2314453125 
 435896.58984375 3804316.78125 -7209.6953125 
 434801.0234375 3804862.328125 -7638.37255859375 
 435614.80078125 3804490.3125 -5678.884765625 
 433636.1875 3805455.9375 -7566.12109375 
 434311.9140625 3805087.125 -8821.3408203125 
 433061.3046875 3805690.0625 -10449.099609375 
 431391.03125 3806552.6875 -9795.2431640625 
 434793.5390625 3804818.59375 -9997.7421875 
 434247.296875 3805053.078125 -12140.7236328125 
 435097.875 3804619.671875 -12191.341796875 
 433396.71875 3805486.46875 -12090.10546875 
 432546.140625 3805919.875 -12039.486328125 
 431695.5625 3806353.28125 -11988.8671875 
 430506.2265625 3806983.03125 -10676.611328125 
 430844.984375 3806786.6875 -11938.2490234375 
 429239.2890625 3807662.25 -11840.69921875 
 428436.4375 3808100.03125 -11791.923828125 
 430042.1328125 3807224.46875 -11889.4736328125 
 427633.5859375 3808537.8125 -11743.1494140625 
 426830.7421875 3808975.59375 -11694.3740234375 
 426027.890625 3809413.375 -11645.5986328125 
 441057.20703125 3801735.25 -12630.5029296875 
 442436.8828125 3801115.375 -11365.0966796875 
 441908.6640625 3801326.75 -12695.259765625 
 442760.125 3800918.25 -12760.0166015625 
 444042.640625 3800244 -11578.7392578125 
 443526.03125 3800505.25 -12854.2001953125 
 445841.546875 3799251.96875 -11216.5498046875 
 445832.640625 3799259.09375 -12176.650390625 
 445850.44921875 3799244.84375 -10256.4501953125 
 445859.3515625 3799237.71875 -9296.349609375 
 445868.2578125 3799230.59375 -8336.25 
 445877.16015625 3799223.484375 -7376.14990234375 
 445886.0625 3799216.359375 -6416.0498046875 
 445894.96875 3799209.234375 -5455.94970703125 
 445057.83984375 3799679.21875 -13042.5673828125 
 445823.73828125 3799266.21875 -13136.75 
 444291.93359375 3800092.234375 -12948.3837890625 
 435279.375 3804800.875 1155.176025390625 
 434433.84375 3805226.109375 1147.8804931640625 
 433593.21875 3805660.96875 1140.576171875 
 432752.625 3806095.875 1133.2718505859375 
 431071.4296875 3806965.671875 1118.663330078125 
 430222.1328125 3807383.34375 1111.34130859375 
 429372.7890625 3807800.890625 1104.019287109375 
 428523.4375 3808218.453125 1096.6971435546875 
 427300 3808804.984375 -477.2689208984375 
 427674.0859375 3808636 1089.375 
 426899.4296875 3808967.234375 1083.6500244140625 
 426124.78125 3809298.46875 1077.9249267578125 
 425350.125 3809629.6875 1072.2000732421875 
 424575.46875 3809960.921875 1066.4749755859375 
 423800.8203125 3810292.15625 1060.75 
 415815.4921875 3814420.609375 987.0625 
 409411.8203125 3817796.53125 -489.23931884765625 
 409828.3671875 3817563.34375 935.1480712890625 
 408957.5078125 3817998.765625 928.2862548828125 
 379785.265625 3832210.59375 1082.625 
 378922.4921875 3832625.265625 1087.8985595703125 
 378059.71875 3833039.921875 1093.172119140625 
 377196.9453125 3833454.59375 1098.44580078125 