533133.71875 3762422.171875 -11687.6748046875 
533569.234375 3761504.671875 -10751.0771484375 
531752.880859375 3762129.578125 -10835.380859375 
532597.88671875 3761057.734375 -9872.857421875 
532170.8828125 3763227.515625 -12262.9765625 
534471.5703125 3762104.265625 -11823.083984375 
535208.66796875 3761077.875 -10850.5068359375 
533989.08203125 3763112.75 -12858.580078125 
535558.30078125 3762884.703125 -13191.55078125 
 532464.568359375 3764013.625 -13331.734375 
 530864.0859375 3764257.921875 -12930.9853515625 
 533931.8671875 3764328.3125 -14339.34375 
 534726.96484375 3764049.515625 -14359.404296875 
 533137.59375 3764610.734375 -14350.15625 
 532343.31640625 3764893.15625 -14360.96875 
 531558.732421875 3765198.84375 -14289.984375 
 530774.140625 3765504.515625 -14219 
 529264.994140625 3765143.578125 -13304.6015625 
 529605.361328125 3764177.171875 -12392.0322265625 
 529965.537109375 3765791.78125 -14236.8486328125 
 529156.267578125 3766076.96875 -14250.1962890625 
 528339.865234375 3766339.484375 -14214.85546875 
 527660.35546875 3765614.015625 -13246.9306640625 
 527524.19921875 3766606.0625 -14206.427734375 
 528327.21484375 3764667.484375 -12484.232421875 
 527016.96484375 3764463.65625 -11883.2392578125 
 528218.98828125 3763718.171875 -11463.8583984375 
 529365.232421875 3763029.734375 -11060.5380859375 
 527000.537109375 3763453.28125 -10834.1513671875 
 525379.541015625 3764458.078125 -11425.677734375 
 528101.1640625 3762848.71875 -10506.408203125 
 527219.1796875 3762051.359375 -9427.28515625 
 525820.978515625 3762460.4375 -9502.9033203125 
 528843.5859375 3762031.453125 -9824.0068359375 
 527823.916015625 3761024.1875 -8463.1923828125 
 530346.638671875 3761983.609375 -10200.5517578125 
 530669.30078125 3763288.328125 -11784.267578125 
 529513.154296875 3760919.328125 -8769.400390625 
 531294.115234375 3761042.28125 -9412.5380859375 
 530525.1796875 3760295.25 -8341.6279296875 
 531775.236328125 3760124.109375 -8411.49609375 
 533206.15625 3760170.84375 -9002.57421875 
 532577.06640625 3759050.84375 -7288.4375 
 534390.19140625 3760472.140625 -9802.6806640625 
 534695.6171875 3759404.6875 -8626.2529296875 
 535754.546875 3759962.34375 -9693.857421875 
 536969.25 3760668.578125 -11035.1650390625 
 536208.59765625 3758966.25 -8613.1396484375 
 537653.578125 3759610.9375 -10007.2861328125 
 534898.44140625 3758365.5 -7460.59375 
 535597.16015625 3758184.34375 -7438.64111328125 
 534124.6484375 3758593.953125 -7403.2080078125 
 533350.859375 3758822.390625 -7345.8232421875 
 536295.8828125 3758003.1875 -7416.6875 
 537182.45703125 3757769.703125 -7491.34375 
 537764.96484375 3758576.25 -8757.9189453125 
 538069.03125 3757536.203125 -7566 
 538847.23046875 3757290.875 -7600.40625 
 539574.21484375 3758507.34375 -9468.9921875 
 540286.05078125 3757612.28125 -8702.095703125 
 538817.1484375 3760070.265625 -11045.1015625 
 539977.6484375 3759306.90625 -10615.041015625 
 538638.75 3760983.015625 -12086.2255859375 
 537832.8671875 3761852.328125 -12823.5126953125 
 539891.8125 3760263.890625 -11731.65234375 
 539878.0703125 3761096.484375 -12717.439453125 
 541034.80078125 3759699.9375 -11533.060546875 
 541108.1640625 3758468.71875 -10120.8427734375 
 541763.6015625 3760640.890625 -12930.33203125 
 543120.83984375 3759221.21875 -11864.9013671875 
 540882.25 3761437.5 -13490.8056640625 
 539368.8671875 3761909.1875 -13507.9765625 
 542608.796875 3761056.421875 -13738.560546875 
 543538.12890625 3760298.375 -13249.8623046875 
 541512.453125 3762099.703125 -14491.34375 
 542399.03125 3761866.203125 -14566 
 540625.8828125 3762333.1875 -14416.6875 
 539927.15625 3762514.34375 -14438.640625 
 539228.4375 3762695.5 -14460.59375 
 538454.64453125 3762923.953125 -14403.2080078125 
 537160.73046875 3762595.25 -13446.056640625 
 535946.72265625 3761896.34375 -12140.3212890625 
 537680.85546875 3763152.390625 -14345.8232421875 
 536907.0625 3763380.84375 -14288.4375 
 536214.75 3763576.578125 -14340.859375 
 535522.4296875 3763772.3125 -14393.28125 
 543177.23046875 3761620.875 -14600.40625 
 543746.77734375 3760836.96875 -13942.3369140625 
 543955.4296875 3761375.546875 -14634.8125 
 543329.48046875 3759759.796875 -12557.37890625 
 542912.20703125 3758682.640625 -11172.419921875 
 542703.5859375 3758144.0625 -10479.931640625 
 542494.9609375 3757605.484375 -9787.443359375 
 542286.32421875 3757066.90625 -9094.962890625 
 542077.68359375 3756528.3125 -8402.478515625 
 541129.37890625 3756359.5625 -7692.1357421875 
 541869.046875 3755989.734375 -7710 
 540380.75390625 3756709.84375 -7666.40869140625 
 539625.4296875 3757045.546875 -7634.8125 
 531891.14453125 3759188.03125 -7323.38525390625 
 531205.2265625 3759325.203125 -7358.33349609375 
 530519.3046875 3759462.390625 -7393.28125 
 529696.203125 3759645.296875 -7374.1875 
 528873.09375 3759828.21875 -7355.09326171875 
 528049.9921875 3760011.125 -7336 
 527295.478515625 3760114.015625 -7349.109375 
 526540.96484375 3760216.90625 -7362.21875 
 526242.2109375 3761328.125 -8433.21484375 
 525717.861328125 3760388.390625 -7290.609375 
 525009.615234375 3761374.796875 -8172.673828125 
 524382.666015625 3762646.171875 -9339.6455078125 
 524714.9453125 3763250.140625 -10035 
 524050.357421875 3762042.1875 -8644.3095703125 
 523718.044921875 3761438.21875 -7948.9873046875 
 524140.244140625 3760697.046875 -7236.32861328125 
 523385.73046875 3760834.234375 -7253.65625 
 524894.7578125 3760559.875 -7219 
 525047.224609375 3763854.109375 -10730.3544921875 
 525711.87109375 3765062.046875 -12120.9970703125 
 526044.1875 3765666.03125 -12816.3193359375 
 526376.48828125 3766270.015625 -13511.662109375 
 526708.78515625 3766873.984375 -14207 