197886.875 3967533.974609375 -1137.4088134765625 
198244.09375 3967210.912109375 393.46878051757812 
197740.3125 3967966.552734375 399.625 
197297.96875 3968752.921875 408.0833740234375 
198747.84375 3966455.2578125 387.3125 
198893.40625 3966024.236328125 -1149.001953125 
199251.625 3965699.6015625 381.15618896484375 
198298.5625 3966733.388671875 -2463.294189453125 
199140.15625 3965415.796875 -2871.7529296875 
 197406.34375 3967920.572265625 -2569.198486328125 
 196792.4375 3969009.4921875 -1765.406005859375 
 197548.65625 3967518.0546875 -3992.30419921875 
 198445.4375 3966218.947265625 -4587.11572265625 
 196422.8125 3969012.82421875 -3980.818359375 
 196836.625 3968221.771484375 -5215.57861328125 
 196091.71875 3969972.341796875 -2713.607177734375 
 195919.25 3970537.80078125 -1115.3048095703125 
 195437.125 3970440.666015625 -4006.138916015625 
 195581.28125 3970000.556640625 -5282.0302734375 
 195138.875 3971118.75 -2426.67822265625 
 194310.9375 3971766.2890625 -3894.441162109375 
 194954.59375 3971634.51171875 -1009.2788696289062 
 195785 3971026.248046875 431.41314697265625 
 194003.21875 3972611.70703125 -1551.6396484375 
 193839.6875 3972548.318359375 -2895.0390625 
 194528.375 3972427.447265625 444.23944091796875 
 193898.78125 3973126.857421875 450.61239624023438 
 195156.6875 3971726.84765625 437.8262939453125 
 192822.78125 3974071.9833984375 -950.9189453125 
 193257.71875 3973815.8388671875 456.63125610351562 
 193102.625 3973558.453125 -2374.753173828125 
 192088.09375 3974688.484375 -2100.56103515625 
 193166.5625 3973149.984375 -4069.49169921875 
 191916.65625 3974588.583984375 -3996.89453125 
 193701.84375 3972244.314453125 -5292.59619140625 
 192862.28125 3973071.51171875 -6370.09814453125 
 194678.40625 3970997.15234375 -5478.41796875 
 194016.6875 3971535.619140625 -6900.716796875 
 195196.9375 3970068.255859375 -6924.47119140625 
 193049.34375 3972401.53515625 -8582.1416015625 
 192356.90625 3973483.57421875 -7452.01171875 
 193642.71875 3971680.720703125 -8508.193359375 
 194236.125 3970959.89453125 -8434.2431640625 
 194829.5 3970239.083984375 -8360.294921875 
 195422.90625 3969518.255859375 -8286.345703125 
 196026.9375 3969089.263671875 -6178.470703125 
 195928.75 3968864.466796875 -8396.9453125 
 196937.34375 3967808.310546875 -7041.7490234375 
 197663.125 3967088.71875 -5809.189453125 
 197950.15625 3966499.240234375 -7263.3994140625 
 198466.46875 3966001.751953125 -5927.0185546875 
 199183.46875 3964751.37109375 -4328.6357421875 
 198866.03125 3964978.560546875 -6680.5244140625 
 199506.1875 3963971.802734375 -5885.82080078125 
 198767 3965119.169921875 -7882.2490234375 
 197952.15625 3966249.291015625 -8839.345703125 
 199666.5625 3963691.353515625 -7692.4560546875 
 199318.125 3964224.28515625 -9197.865234375 
 199748.15625 3963538.689453125 -9321.82421875 
 198888.0625 3964909.892578125 -9073.9052734375 
 198458 3965595.5 -8949.9453125 
 200178.21875 3962853.08203125 -9445.7841796875 
 200757.6875 3961973.626953125 -7838.01416015625 
 200608.28125 3962167.474609375 -9569.744140625 
 200214.8125 3962837.544921875 -6416.626953125 
 201067 3961534.79296875 -6008.40869140625 
 199965.65625 3963257.466796875 -4728.43798828125 
 199505.71875 3964012.033203125 -3080.22119140625 
 200233.9375 3962865.841796875 -2485.642822265625 
 199569.125 3964526.873046875 -1594.8084716796875 
 199945.84375 3963341.109375 -1023.0553588867188 
 200692.875 3962195.970703125 -1164.23974609375 
 199888.59375 3964091.814453125 361.90621948242188 
 199755.375 3964943.9609375 375 
 200021.78125 3963239.671875 348.8125 
 200476.40625 3962551.599609375 342.85934448242188 
 200931 3961863.5390625 336.90631103515625 
 201385.625 3961175.46875 330.95315551757812 
 201835.21875 3960440.80078125 -640.4088134765625 
 201840.25 3960487.39453125 325 
 201830.1875 3960394.20703125 -1605.8173828125 
 201052.75 3961624.08984375 -2629.174072265625 
 201825.15625 3960347.61328125 -2571.22607421875 
 201820.15625 3960301.021484375 -3536.634765625 
 200850.875 3961902.4453125 -4086.065185546875 
 201815.125 3960254.427734375 -4502.041015625 
 201810.125 3960207.8359375 -5467.44677734375 
 201805.09375 3960161.2421875 -6432.85546875 
 201800.0625 3960114.6484375 -7398.2646484375 
 201795.0625 3960068.0546875 -8363.6728515625 
 201396.125 3960736.79296875 -9409.3017578125 
 201790.03125 3960021.4609375 -9329.08203125 
 201002.1875 3961452.142578125 -9489.5244140625 
 197446.3125 3966903.080078125 -8728.74609375 
 196940.4375 3967556.88671875 -8618.14453125 
 196434.59375 3968210.67578125 -8507.544921875 
 191636.90625 3974432.2578125 -7047.18310546875 
 192455.9375 3973122.361328125 -8656.0908203125 
 191862.5625 3973843.1728515625 -8730.0390625 
 191269.15625 3974563.9990234375 -8803.98828125 
 190697.71875 3975509.6240234375 -7408.970703125 
 191088.6875 3975288.7099609375 -5566.8837890625 
 190690.125 3975286.375 -8867.6064453125 
 190111.09375 3976008.75 -8931.224609375 
 189899.03125 3976610.611328125 -6841.56640625 
 189532.0625 3976731.1259765625 -8994.8427734375 
 189554.0625 3977219.6474609375 -5760.33642578125 
 190030.15625 3976796.662109375 -4636.958984375 
 189034.6875 3977587.396484375 -7572.57421875 
 188794.75 3978223.9052734375 -5486.7509765625 
 188153.03125 3978752.126953125 -7263.5390625 
 189091.84375 3978166.6015625 -3491.46826171875 
 189639.34375 3977635.6533203125 -2478.507080078125 
 187801.1875 3979648.369140625 -4425.6552734375 
 188004.3125 3979206.8349609375 -5593.7177734375 
 188029.34375 3979676.28515625 -2402.693359375 
 187092.5 3980740.0625 -3056.67041015625 
 189234.03125 3978307.26953125 -1483.4991455078125 
 188148.6875 3979757.5556640625 -911.306640625 
 190082.5625 3977299.654296875 -931.55615234375 
 189672.5625 3978049.0146484375 493.9234619140625 
 190401.5 3976630.9091796875 -2607.657470703125 
 190932.1875 3976167.119140625 -1107.5985107421875 
 190912.5625 3975781.4541015625 -3825.256103515625 
 191213.28125 3975583.443359375 -2547.22119140625 
 191811.65625 3975169.244140625 -871.04278564453125 
 191334.59375 3975882.75390625 474.6875 
 192616.6875 3974504.8056640625 462.64993286132812 
 191975.625 3975193.787109375 468.6688232421875 
 190780.59375 3976604.8359375 481.09942626953125 
 190226.5625 3977326.93359375 487.51150512695312 
 192137.125 3974130.3994140625 -5476.95361328125 
 189117.71875 3978770.44140625 500.32272338867188 
 188547.6875 3979479.9462890625 506.49200439453125 
 187977.65625 3980189.4677734375 512.66143798828125 
 187407.59375 3980898.9716796875 518.8306884765625 
 186963.65625 3981145.763671875 -1462.1077880859375 
 186837.5625 3981608.4765625 525 
 186109.625 3981929.2333984375 -2827.054931640625 
 185726.875 3982621.8959960938 -1139.51513671875 
 186513.6875 3981226.314453125 -4422.13818359375 
 185367.4375 3982645.4204101562 -3682.625 
 186819.625 3980683.5556640625 -5626.39599609375 
 185643.40625 3981908.6123046875 -6286.2177734375 
 187394.71875 3979831.5673828125 -6511.10205078125 
 186431.78125 3980943.31640625 -6900.27685546875 
 186974.5625 3980134.4296875 -7941.71435546875 
 187794.96875 3978898.2490234375 -9185.6982421875 
 186043.03125 3981173.0888671875 -8100.02783203125 
 185205.6875 3982093.9243164062 -7796.77001953125 
 186636.90625 3980343 -9312.9345703125 
 187215.9375 3979620.625 -9249.31640625 
 186032.84375 3980959.5302734375 -9363.45703125 
 185428.78125 3981576.05859375 -9413.978515625 
 184824.71875 3982192.5883789062 -9464.5009765625 
 183997.40625 3983327.1430664062 -7897.76171875 
 184220.65625 3982809.1186523438 -9515.0234375 
 184671.625 3982897.91796875 -6381.794921875 
 183650.90625 3984047.158203125 -5861.40625 
 185427.375 3982362.1655273438 -4990.3544921875 
 184364.84375 3983551.0756835938 -4490.408203125 
 184958.71875 3983276.0400390625 -2574.1435546875 
 183810.5 3984366.0068359375 -3132.25048828125 
 184413.15625 3984097.9755859375 -1125.201416015625 
 184883.96875 3983838.5493164062 543.74993896484375 
 184232.75 3984581.91796875 550 
 185535.15625 3983095.1962890625 537.5 
 186186.375 3982351.8291015625 531.24993896484375 
 183180.1875 3985432.2622070312 -671.60943603515625 
 183606.125 3985214.6875 556.24993896484375 
 183060.46875 3985327.3852539062 -1979.4365234375 
 181876.125 3986653.248046875 -1214.274169921875 
 182014.1875 3986249.5153808594 -2748.06103515625 
 182352.84375 3986480.2612304688 568.75006103515625 
 181726.1875 3987113.03125 575 
 182979.46875 3985847.474609375 562.5 
 180931.84375 3987754.9919433594 -894.25225830078125 
 181081.125 3987850.2487792969 581.25 
 180897.3125 3987508.0288085938 -2536.460693359375 
 180018.375 3988664.2825927734 -1633.6904296875 
 179730.625 3988742.9155273438 -3021.051513671875 
 180436.0625 3988587.4666748047 587.5 
 179791 3989324.684387207 593.75 
 179060.34375 3990000.0350824967 -286.22665405273438 
 179145.9375 3990061.90234375 600 
 178974.78125 3989938.1681976318 -1172.4478759765625 
 178889.1875 3989876.30078125 -2058.6767578125 
 178803.625 3989814.4337005615 -2944.901123046875 
 178718.03125 3989752.5664825439 -3831.127197265625 
 180014.40625 3988189.4895019531 -4296.5107421875 
 178632.46875 3989690.69921875 -4717.35400390625 
 180741.25 3987297.5893554688 -4834.7705078125 
 179596 3988353.7342529297 -6065.08984375 
 181546.28125 3986509.0212402344 -4247.728515625 
 180747.03125 3987083.0437011719 -6086.677734375 
 181984.34375 3985750.6440429688 -5908.1025390625 
 179741.90625 3987901.9533691406 -7816.01123046875 
 180601.46875 3986862.2763671875 -8377.7373046875 
 178375.75 3989505.0976257324 -7376.03173828125 
 179052.59375 3988510.4468994141 -8719.7216796875 
 178461.3125 3989566.9648132324 -6489.8056640625 
 178546.90625 3989628.83203125 -5603.57958984375 
 178290.15625 3989443.2303466797 -8262.2587890625 
 179957.34375 3987322.0151367188 -9876.943359375 
 179344.5625 3987987.8421630859 -9929.53125 
 178731.78125 3988653.6694335938 -9982.1201171875 
 178204.59375 3989381.3634643555 -9148.48046875 
 178119 3989319.49609375 -10034.7080078125 
 180570.125 3986656.1882324219 -9824.3544921875 
 181182.90625 3985990.3608398438 -9771.7666015625 
 181569.78125 3985875.33984375 -7902.609375 
 181795.6875 3985324.5341796875 -9719.177734375 
 182830.84375 3984673.029296875 -7114.94677734375 
 182769.1875 3984507.27734375 -8414.5048828125 
 182948.5 3984996.5786132812 -4551.720703125 
 182820.1875 3985345.044921875 -3281.262939453125 
 183616.59375 3983425.6489257812 -9565.5458984375 
 183012.53125 3984042.1767578125 -9616.0673828125 
 182408.46875 3984658.70703125 -9666.58984375 
 188374 3978175.8740234375 -9122.080078125 
 188953.03125 3977453.5009765625 -9058.4619140625 
 196413.3125 3970325.6484375 425 
 196855.65625 3969539.279296875 416.5416259765625 